1752783696816 0.0 0
1752783698554 25.0 1
1752783700273 14.3 2
1752783702000 0.0 3
1752783703733 25.0 4
1752783705448 0.0 5
1752783707158 0.0 6
1752783708878 12.5 7
1752783710591 0.0 8
1752783712322 0.0 9
1752783714042 55.6 10
1752783715762 0.0 11
1752783717487 33.3 12
1752783719241 22.2 13
1752783720973 0.0 14
1752783722717 0.0 15
1752783724458 22.2 16
1752783726242 0.0 17
1752783727965 0.0 18
1752783729670 30.8 19
1752783731353 0.0 20
1752783733140 61.4 21
1752783734929 84.4 22
1752783736794 28.6 23
1752783738492 0.0 24
1752783740213 0.0 25
1752783741885 0.0 26
1752783743621 12.5 27
1752783745332 50.0 28
1752783746965 0.0 29
1752783748752 0.0 30
1752783750534 85.7 31
1752783752260 0.0 32
1752783754049 42.9 33
1752783755754 20.0 34
1752783757486 0.0 35
1752783759250 27.3 36
1752783760990 31.3 37
1752783762801 0.0 38
1752783764581 0.0 39
1752783766323 0.0 40
1752783768141 0.0 41
1752783769925 33.3 42
1752783771725 93.1 43
1752783773511 0.0 44
1752783775314 18.2 45
1752783777091 0.0 46
1752783778866 0.0 47
1752783780629 0.0 48
1752783782422 26.7 49
1752783784224 0.0 50
1752783785981 0.0 51
1752783787757 0.0 52
1752783789546 13.3 53
1752783791386 0.0 54
1752783793194 0.0 55
1752783794906 33.3 56
1752783796801 36.8 57
1752783798591 0.0 58
1752783800409 35.0 59
1752783802217 27.8 60
1752783803996 0.0 61
1752783805783 26.3 62
1752783807579 27.8 63
1752783809395 0.0 64
1752783811203 0.0 65
1752783813076 53.3 66
1752783814835 0.0 67
1752783816646 0.0 68
1752783818442 28.6 69
1752783820235 0.0 70
1752783821993 33.3 71
1752783823832 27.3 72
1752783825682 40.9 73
1752783827473 0.0 74
1752783829307 0.0 75
1752783831156 22.2 76
1752783833028 28.0 77
1752783834841 0.0 78
1752783836719 0.0 79
1752783838514 31.8 80
1752783840319 35.0 81
1752783842130 0.0 82
1752783843877 0.0 83
1752783845673 38.1 84
1752783847474 0.0 85
1752783849244 0.0 86
1752783851036 40.0 87
1752783852878 0.0 88
1752783854675 0.0 89
1752783856509 33.3 90
1752783858348 42.1 91
1752783860201 0.0 92
1752783862059 0.0 93
1752783863908 0.0 94
1752783865750 12.5 95
1752783867657 56.9 96
1752783869544 0.0 97
1752783871448 25.0 98
1752783873354 42.3 99
