1752783696816 2.641998291015625 0
1752783698554 2.6246490478515625 1
1752783700273 2.6398773193359375 2
1752783702000 2.6551666259765625 3
1752783703733 2.637664794921875 4
1752783705448 2.6501922607421875 5
1752783707158 2.63665771484375 6
1752783708878 3.14947509765625 7
1752783710591 3.118316650390625 8
1752783712322 3.087127685546875 9
1752783714042 3.090545654296875 10
1752783715762 3.0909271240234375 11
1752783717487 3.0123138427734375 12
1752783719241 3.0458984375 13
1752783720973 3.055450439453125 14
1752783722717 3.054656982421875 15
1752783724458 3.0516204833984375 16
1752783726242 2.8087310791015625 17
1752783727965 3.23370361328125 18
1752783729670 3.3080291748046875 19
1752783731353 3.1562347412109375 20
1752783733140 2.666839599609375 21
1752783734929 2.6103668212890625 22
1752783736794 2.9488067626953125 23
1752783738492 3.0086669921875 24
1752783740213 3.0042572021484375 25
1752783741885 3.1072845458984375 26
1752783743621 2.951568603515625 27
1752783745332 2.8681640625 28
1752783746965 3.087799072265625 29
1752783748752 3.0429229736328125 30
1752783750534 3.0542449951171875 31
1752783752260 3.0775146484375 32
1752783754049 3.102630615234375 33
1752783755754 3.1358489990234375 34
1752783757486 3.19573974609375 35
1752783759250 3.1552581787109375 36
1752783760990 3.1696014404296875 37
1752783762801 3.1892852783203125 38
1752783764581 3.2012481689453125 39
1752783766323 3.2135162353515625 40
1752783768141 3.2354888916015625 41
1752783769925 3.221221923828125 42
1752783771725 2.929351806640625 43
1752783773511 3.1031951904296875 44
1752783775314 3.1238555908203125 45
1752783777091 3.130645751953125 46
1752783778866 3.1606292724609375 47
1752783780629 3.1277618408203125 48
1752783782422 3.156005859375 49
1752783784224 3.200225830078125 50
1752783785981 3.1777801513671875 51
1752783787757 3.1629180908203125 52
1752783789546 3.1566925048828125 53
1752783791386 3.170196533203125 54
1752783793194 2.9454803466796875 55
1752783794906 3.0841827392578125 56
1752783796801 2.952606201171875 57
1752783798591 3.0533447265625 58
1752783800409 3.0527496337890625 59
1752783802217 3.06341552734375 60
1752783803996 3.1758575439453125 61
1752783805783 3.213897705078125 62
1752783807579 3.1970977783203125 63
1752783809395 3.17315673828125 64
1752783811203 3.056365966796875 65
1752783813076 2.8914947509765625 66
1752783814835 3.0477752685546875 67
1752783816646 3.0951385498046875 68
1752783818442 3.0980072021484375 69
1752783820235 3.201873779296875 70
1752783821993 3.1999664306640625 71
1752783823832 3.062042236328125 72
1752783825682 2.953338623046875 73
1752783827473 2.99566650390625 74
1752783829307 3.11358642578125 75
1752783831156 3.134124755859375 76
1752783833028 3.14398193359375 77
1752783834841 3.12689208984375 78
1752783836719 3.0592498779296875 79
1752783838514 3.1319427490234375 80
1752783840319 3.137237548828125 81
1752783842130 3.2115020751953125 82
1752783843877 3.2873382568359375 83
1752783845673 3.263519287109375 84
1752783847474 3.251953125 85
1752783849244 3.28106689453125 86
1752783851036 3.0395050048828125 87
1752783852878 3.02178955078125 88
1752783854675 3.050537109375 89
1752783856509 3.103851318359375 90
1752783858348 3.09063720703125 91
1752783860201 3.021820068359375 92
1752783862059 3.0848846435546875 93
1752783863908 3.111602783203125 94
1752783865750 3.1487884521484375 95
1752783867657 2.9231719970703125 96
1752783869544 3.095489501953125 97
1752783871448 3.083251953125 98
1752783873354 3.1111297607421875 99
