1752783696816 83.5 0
1752783698554 83.6 1
1752783700273 83.5 2
1752783702000 83.4 3
1752783703733 83.5 4
1752783705448 83.4 5
1752783707158 83.5 6
1752783708878 80.3 7
1752783710591 80.5 8
1752783712322 80.7 9
1752783714042 80.7 10
1752783715762 80.7 11
1752783717487 81.2 12
1752783719241 81.0 13
1752783720973 80.9 14
1752783722717 80.9 15
1752783724458 80.9 16
1752783726242 82.4 17
1752783727965 79.8 18
1752783729670 79.3 19
1752783731353 80.3 20
1752783733140 83.3 21
1752783734929 83.7 22
1752783736794 81.6 23
1752783738492 81.2 24
1752783740213 81.2 25
1752783741885 80.6 26
1752783743621 81.6 27
1752783745332 82.1 28
1752783746965 80.7 29
1752783748752 81.0 30
1752783750534 80.9 31
1752783752260 80.8 32
1752783754049 80.6 33
1752783755754 80.4 34
1752783757486 80.0 35
1752783759250 80.3 36
1752783760990 80.2 37
1752783762801 80.1 38
1752783764581 80.0 39
1752783766323 79.9 40
1752783768141 79.8 41
1752783769925 79.9 42
1752783771725 81.7 43
1752783773511 80.6 44
1752783775314 80.5 45
1752783777091 80.4 46
1752783778866 80.2 47
1752783780629 80.5 48
1752783782422 80.3 49
1752783784224 80.0 50
1752783785981 80.1 51
1752783787757 80.2 52
1752783789546 80.3 53
1752783791386 80.2 54
1752783793194 81.6 55
1752783794906 80.7 56
1752783796801 81.5 57
1752783798591 80.9 58
1752783800409 80.9 59
1752783802217 80.9 60
1752783803996 80.2 61
1752783805783 79.9 62
1752783807579 80.0 63
1752783809395 80.2 64
1752783811203 80.9 65
1752783813076 81.9 66
1752783814835 81.0 67
1752783816646 80.7 68
1752783818442 80.6 69
1752783820235 80.0 70
1752783821993 80.0 71
1752783823832 80.9 72
1752783825682 81.5 73
1752783827473 81.3 74
1752783829307 80.5 75
1752783831156 80.4 76
1752783833028 80.4 77
1752783834841 80.5 78
1752783836719 80.9 79
1752783838514 80.4 80
1752783840319 80.4 81
1752783842130 79.9 82
1752783843877 79.5 83
1752783845673 79.6 84
1752783847474 79.7 85
1752783849244 79.5 86
1752783851036 81.0 87
1752783852878 81.1 88
1752783854675 80.9 89
1752783856509 80.6 90
1752783858348 80.7 91
1752783860201 81.1 92
1752783862059 80.7 93
1752783863908 80.6 94
1752783865750 80.3 95
1752783867657 81.7 96
1752783869544 80.7 97
1752783871448 80.7 98
1752783873354 80.6 99
