1752783696810 0.011509268612570882 0
1752783696989 0.004198855935699338 1
1752783697160 0.1173659735276905 2
1752783697336 0.011522578050036992 3
1752783697512 0.007499361392372138 4
1752783697680 0.029534758623116327 5
1752783697852 0.04904914629688668 6
1752783698025 0.0636310513002253 7
1752783698200 0.0026807921945482555 8
1752783698372 0.19819675688048688 9
1752783698547 0.05330110143767317 10
1752783698728 0.039579169354372584 11
1752783698896 0.006174917158512062 12
1752783699072 0.026913816202612347 13
1752783699244 0.024961020506390166 14
1752783699410 0.021174468884703864 15
1752783699574 0.011051875210563285 16
1752783699744 0.12380034334449336 17
1752783699915 0.03870828411678713 18
1752783700091 0.07325484911388129 19
1752783700267 0.1941140454905161 20
1752783700446 0.019282317475034325 21
1752783700618 0.009178910421887659 22
1752783700788 0.09365042663174775 23
1752783700955 0.00550550866714262 24
1752783701131 0.054096073599875984 25
1752783701304 0.03124595621123749 26
1752783701473 0.07170262265396266 27
1752783701645 0.09630784119757434 28
1752783701819 0.0043728491533014755 29
1752783701995 0.02468913696711587 30
1752783702158 0.07140344652192605 31
1752783702332 0.0600901759000558 32
1752783702502 0.018614071121601777 33
1752783702696 0.015704950294311872 34
1752783702867 0.19050890662409625 35
1752783703035 0.18298041204181395 36
1752783703208 0.03367719457502186 37
1752783703380 0.04685185624517252 38
1752783703554 0.09185340946322157 39
1752783703727 0.03915841588515573 40
1752783703895 0.10597860437960208 41
1752783704065 0.003233185859095613 42
1752783704238 0.04121064165009578 43
1752783704408 0.022732645635861963 44
1752783704581 0.17438635051575416 45
1752783704755 0.008282355848928375 46
1752783704931 0.03630191883724687 47
1752783705104 0.02694172263664751 48
1752783705274 0.0006587231252192209 49
1752783705440 0.015430593783302617 50
1752783705615 0.07411796958026401 51
1752783705779 0.008609318402135288 52
1752783705946 0.033338006047446786 53
1752783706118 0.09136316526808251 54
1752783706289 0.051393621364772046 55
1752783706461 0.01642558899880461 56
1752783706625 0.016271567544740146 57
1752783706804 0.15587655103768194 58
1752783706975 0.0012834623068089216 59
1752783707150 0.07077769268711769 60
1752783707320 0.004021162974755371 61
1752783707493 0.0014587698229764294 62
1752783707667 0.04239345028795477 63
1752783707840 0.01621866988485476 64
1752783708011 0.01698213821294716 65
1752783708191 0.01844966936029197 66
1752783708358 0.1533198973752657 67
1752783708530 0.031108130200222996 68
1752783708704 0.007482761640929369 69
1752783708871 0.02116196953580556 70
1752783709050 0.00020336732801981002 71
1752783709224 0.06920850718917214 72
1752783709390 0.07864117061219297 73
1752783709554 0.14948403514011346 74
1752783709723 0.012019571297901281 75
1752783709891 0.1654276088620487 76
1752783710063 0.016863026407313107 77
1752783710240 0.013970398601817344 78
1752783710409 0.02354867436385425 79
1752783710584 0.03621114309517968 80
1752783710755 0.052845110258042165 81
1752783710930 0.02687357224454333 82
1752783711105 0.023655598619624647 83
1752783711281 0.023754252228334806 84
1752783711453 0.0020251657436348458 85
1752783711629 0.014934947609561428 86
1752783711801 0.03000063602185496 87
1752783711973 0.0930236849939209 88
1752783712144 0.008483295989796821 89
1752783712314 0.020711014716116263 90
1752783712493 0.021666835914007976 91
1752783712668 0.13503719575419246 92
1752783712842 0.07487832680786226 93
1752783713018 0.07295775027460948 94
1752783713179 0.045169721355893144 95
1752783713348 0.019054296450230275 96
1752783713523 0.028167251057791082 97
1752783713688 0.036669472167471594 98
1752783713859 0.052041400970678255 99
1752783714033 0.0772028903981711 100
1752783714206 0.0011073752968725808 101
1752783714378 0.04222995680320596 102
1752783714555 0.07159660492630267 103
1752783714730 0.0038310925405836225 104
1752783714904 0.018963230910270523 105
1752783715080 0.09232131492594116 106
1752783715243 0.025183305811389414 107
1752783715411 0.012599558102335262 108
1752783715579 0.034595828193954035 109
1752783715754 0.16594192381008688 110
1752783715929 0.053939298222903664 111
1752783716103 0.05751956249193229 112
1752783716274 0.04002768753034597 113
1752783716447 0.010547949280916749 114
1752783716621 0.08903831590940103 115
1752783716795 0.030578276338667776 116
1752783716972 0.009672259451031034 117
1752783717145 0.0021455256532573927 118
1752783717320 0.006482369813656712 119
1752783717481 0.07733563165122581 120
1752783717673 0.0912748655590396 121
1752783717835 0.05246317326244115 122
1752783718008 0.11992523944345979 123
1752783718179 0.07776802852242143 124
1752783718354 0.0034897183418162725 125
1752783718531 0.059400108796772357 126
1752783718709 0.14401132170737238 127
1752783718883 0.037377096897795024 128
1752783719058 0.05696678324782624 129
1752783719232 0.05772363853392585 130
1752783719403 0.02383119636533858 131
1752783719574 0.07198920630140825 132
1752783719747 0.01650142382282961 133
1752783719910 0.07565234869834972 134
1752783720084 0.047464250154002185 135
1752783720257 0.056657570072887666 136
1752783720430 0.09665957737245356 137
1752783720609 0.002315265022761337 138
1752783720786 0.06069097862710165 139
1752783720963 0.11954314216953328 140
1752783721145 0.012328834688988786 141
1752783721319 0.04284363966020155 142
1752783721492 0.030266642892631725 143
1752783721665 0.0008419793184893283 144
1752783721839 0.05396167343874422 145
1752783722012 0.001629776222477845 146
1752783722188 0.018427728714475643 147
1752783722362 0.06510448153043007 148
1752783722532 0.09778093150957318 149
1752783722707 0.03887581579316704 150
1752783722886 0.06878895574061474 151
1752783723062 0.03281891599567867 152
1752783723240 0.021460376427966346 153
1752783723410 0.036115970936699264 154
1752783723579 0.01028814371889585 155
1752783723754 0.030586424214220156 156
1752783723924 0.014861883697832616 157
1752783724098 0.023083942867033396 158
1752783724273 0.061355548005795936 159
1752783724447 0.06450663147826627 160
1752783724630 0.01471563264583578 161
1752783724797 0.02630885208141009 162
1752783724974 0.06386534740391686 163
1752783725133 0.014102270855756872 164
1752783725391 0.024835536332110948 165
1752783725553 0.04511434560727914 166
1752783725718 0.057045628077771984 167
1752783725881 0.015146578666826003 168
1752783726057 0.014714502179247371 169
1752783726231 0.01838217352090517 170
1752783726452 0.03694154966027249 171
1752783726627 0.013649183260443846 172
1752783726782 0.00023024438151493564 173
1752783726937 0.03469795422843324 174
1752783727100 0.08235469259640775 175
1752783727266 0.033838397903799666 176
1752783727441 0.023751285514431217 177
1752783727613 0.09093747026502577 178
1752783727783 0.014297647851864144 179
1752783727955 0.018269306237971152 180
1752783728128 0.0003813900375343589 181
1752783728327 0.03503633669049697 182
1752783728493 0.05207605387186862 183
1752783728651 0.05940220971003582 184
1752783728824 0.043122145138197156 185
1752783728991 0.028057950896179726 186
1752783729162 0.00412798845683053 187
1752783729328 0.012394401722982227 188
1752783729494 0.054789476474123903 189
1752783729658 0.027238475697707366 190
1752783729841 0.15675580136669015 191
1752783730010 0.0648859646132396 192
1752783730182 0.03542159751384188 193
1752783730361 0.05115939770475794 194
1752783730527 0.024639157222595534 195
1752783730682 0.13560582966974774 196
1752783730839 0.052832988900763926 197
1752783730998 0.02634112901482995 198
1752783731167 0.025197158793420396 199
1752783731342 0.036375395802375456 200
1752783731523 0.011376296352378468 201
1752783731684 0.018672390744073272 202
1752783731850 0.06585402861352446 203
1752783732018 0.10897376120611962 204
1752783732186 0.024797628656779768 205
1752783732354 0.01237119085927159 206
1752783732530 0.00729627126315685 207
1752783732694 0.1427498015624528 208
1752783732864 0.14740259505552436 209
1752783733070 0.09957139495168199 210
1752783733313 0.013564901542591462 211
1752783733505 0.02330290940878762 212
1752783733665 0.06784072952327024 213
1752783733832 0.11291294366588085 214
1752783733994 0.09964633284996982 215
1752783734182 0.01991299770095649 216
1752783734361 0.028212177750940228 217
1752783734539 0.01469981317771662 218
1752783734722 0.07604182224193523 219
1752783734903 0.03477163487124736 220
1752783735232 0.022003715547625213 221
1752783735410 0.039488744010412066 222
1752783735598 0.08664569703872065 223
1752783735760 0.07225849595498017 224
1752783735924 0.026186052251581826 225
1752783736105 0.016411356872896018 226
1752783736276 0.009209333770764667 227
1752783736446 0.07767700776818333 228
1752783736614 0.09780461414406921 229
1752783736786 0.07312022759310279 230
1752783736954 0.03522577746078772 231
1752783737124 0.0558897769025719 232
1752783737297 0.035603659270794924 233
1752783737473 0.09707934595386992 234
1752783737649 0.004029225270389829 235
1752783737815 0.07708744425892453 236
1752783737989 0.025257901157530457 237
1752783738154 0.0046931390484436135 238
1752783738318 0.029094827231460892 239
1752783738482 0.0030389447147634962 240
1752783738652 0.3175073044146072 241
1752783738821 0.032826884814508454 242
1752783738994 0.020379848506691153 243
1752783739168 0.007332926660693947 244
1752783739342 0.00126400266332033 245
1752783739522 0.016433047716870916 246
1752783739695 0.11741997665243026 247
1752783739870 0.008177537025166713 248
1752783740037 0.10503078028798006 249
1752783740205 0.06874230328307651 250
1752783740375 0.024678920652493816 251
1752783740534 0.0439189403029755 252
1752783740698 0.06629745402549436 253
1752783740862 0.05420095654909122 254
1752783741038 0.03503901211470957 255
1752783741204 0.0106378534155145 256
1752783741379 0.024291517409494087 257
1752783741542 0.056182165633040806 258
1752783741708 0.2538734714726379 259
1752783741873 0.035999938890686665 260
1752783742050 0.08290926236341017 261
1752783742221 0.0987570980500425 262
1752783742386 0.01855622376199013 263
1752783742558 0.022989424026497018 264
1752783742742 0.022227013730327566 265
1752783742925 0.05077288839120312 266
1752783743094 0.09780521550166937 267
1752783743272 0.025873194056351675 268
1752783743434 0.0009656892702789718 269
1752783743611 0.053547535888191 270
1752783743792 0.059601337442961755 271
1752783743965 0.17971520025600343 272
1752783744133 0.01853797422897041 273
1752783744305 0.017897520027694486 274
1752783744485 0.09122730455900331 275
1752783744668 0.023303730769343597 276
1752783744835 0.049464743368893976 277
1752783744995 0.16591411801599976 278
1752783745159 0.028543603782657745 279
1752783745324 0.06874031067198402 280
1752783745491 0.13780415183966072 281
1752783745665 0.003922905330766613 282
1752783745821 0.043502775251970625 283
1752783745978 0.015964556175072104 284
1752783746136 0.04813176794913476 285
1752783746290 0.003921003694135026 286
1752783746443 0.040038624149922035 287
1752783746605 0.029055601870439776 288
1752783746772 0.08494554413434785 289
1752783746953 0.13819018256567114 290
1752783747140 0.020563173756010317 291
1752783747324 0.017225493904854356 292
1752783747500 0.013659157965655129 293
1752783747677 0.03269408409444195 294
1752783747855 0.07409710947545672 295
1752783748031 0.02379882015393854 296
1752783748213 0.0039039684803124602 297
1752783748392 0.07509820631572645 298
1752783748564 0.009382201854084046 299
1752783748739 0.20479905518952735 300
1752783748924 0.12320427918745798 301
1752783749104 0.10583786113908232 302
1752783749282 0.026673958222035388 303
1752783749463 0.03501129220244805 304
1752783749632 0.011427510503824082 305
1752783749816 0.03961728933752922 306
1752783749979 0.04918423069441541 307
1752783750154 0.019082107655275973 308
1752783750326 0.03094185017663556 309
1752783750515 0.01785709840531772 310
1752783750694 0.03626742521462572 311
1752783750868 0.0313523914856051 312
1752783751034 0.03620019940367152 313
1752783751194 0.05710051978547376 314
1752783751360 0.044443317013233195 315
1752783751540 0.09610735647823528 316
1752783751709 0.046350041657835676 317
1752783751888 0.04050462845195141 318
1752783752060 0.0030973026621935002 319
1752783752245 0.04655527108599613 320
1752783752429 0.025653161730862663 321
1752783752604 0.009433249190251939 322
1752783752783 0.02745313289845034 323
1752783752966 0.02879354633816298 324
1752783753157 0.002791249706174166 325
1752783753337 0.06372140152810211 326
1752783753496 0.01359918614961874 327
1752783753668 0.023169657900413847 328
1752783753856 0.02309910151902197 329
1752783754034 0.03840825134407169 330
1752783754218 0.07813858666402611 331
1752783754399 0.01764097244372893 332
1752783754572 0.037882678650510856 333
1752783754744 0.016633301928163195 334
1752783754911 0.021632266748427914 335
1752783755074 0.07338049622406265 336
1752783755238 0.061322913506228066 337
1752783755400 0.018309580277491497 338
1752783755570 0.10721009921705715 339
1752783755741 0.00015509764664168452 340
1752783755922 0.02297265534294964 341
1752783756092 0.03539181097818661 342
1752783756270 0.06523507510543465 343
1752783756440 0.05837226784958856 344
1752783756608 0.08254254909986042 345
1752783756777 0.0026788180779870833 346
1752783756946 0.06780056505636076 347
1752783757111 0.07679441417906573 348
1752783757309 0.05858456078612916 349
1752783757475 0.016876812192125244 350
1752783757648 0.019328992990627326 351
1752783757822 0.09816002534853674 352
1752783757988 0.06038562668293031 353
1752783758170 0.020080359574936566 354
1752783758349 0.06612892499826624 355
1752783758531 0.0002591269536116999 356
1752783758712 0.012931445726426816 357
1752783758893 0.0046717589116522995 358
1752783759076 0.06891603292422671 359
1752783759238 0.023622104798539063 360
1752783759415 0.013180522011709295 361
1752783759580 0.04297808891744923 362
1752783759744 0.09310458854631283 363
1752783759910 0.06581069391163646 364
1752783760084 0.024330639105669773 365
1752783760247 0.1631857688908987 366
1752783760423 0.08207038984174529 367
1752783760612 0.1128818366021268 368
1752783760790 0.04990853706610411 369
1752783760975 0.007438511812061056 370
1752783761170 0.019021479574852892 371
1752783761350 0.11144365234861553 372
1752783761523 0.016404547994012704 373
1752783761706 0.07226664826560171 374
1752783761884 0.03519861064708286 375
1752783762062 0.048046367545846444 376
1752783762245 0.002134471823742425 377
1752783762425 0.011378275085125206 378
1752783762609 0.005680461659246561 379
1752783762792 0.13933887429088862 380
1752783762961 0.043656862576516374 381
1752783763118 0.04144892646644913 382
1752783763302 0.007633873459234885 383
1752783763483 0.02113823255446105 384
1752783763663 0.06902084869801726 385
1752783763845 0.09700150480691522 386
1752783764023 0.20310220205370622 387
1752783764205 0.037783304590339434 388
1752783764384 0.0024095406326529603 389
1752783764565 0.01476989412299151 390
1752783764759 0.07807493495398254 391
1752783764942 0.055492308399565864 392
1752783765113 0.019629104582388375 393
1752783765293 0.017178615080311085 394
1752783765464 0.0056191631112606725 395
1752783765630 0.0010106034661537414 396
1752783765799 0.040146870276227084 397
1752783765970 0.01653393142431107 398
1752783766149 0.06322875421544073 399
1752783766313 0.03718577071205481 400
1752783766512 0.02102608216162694 401
1752783766697 0.08262771003481288 402
1752783766883 0.018255191808728168 403
1752783767061 0.023591784557217645 404
1752783767244 0.08269303826181965 405
1752783767426 0.03719113334488668 406
1752783767591 0.0004012822843392468 407
1752783767769 0.07923237327871485 408
1752783767949 0.21025040852778668 409
1752783768125 0.06485717993953281 410
1752783768312 0.011402511691769361 411
1752783768501 0.05368780027736687 412
1752783768683 0.10951276749852173 413
1752783768864 0.029609449746695934 414
1752783769027 0.028157847572159073 415
1752783769189 0.08115924423852293 416
1752783769374 0.16157763979793655 417
1752783769546 0.0019670063487805443 418
1752783769725 0.24158985248116643 419
1752783769909 0.01990316218078972 420
1752783770102 0.08739732528984444 421
1752783770282 0.002365790511947713 422
1752783770461 0.00013110263213229428 423
1752783770647 0.09362349081529689 424
1752783770825 0.024788397251530557 425
1752783770998 0.03053829088258298 426
1752783771166 0.0132690346067528 427
1752783771347 0.3242526607939782 428
1752783771517 0.014663939519638645 429
1752783771696 0.104220531412749 430
1752783771897 0.17648714773387789 431
1752783772068 0.005082856426038734 432
1752783772244 0.03661635770227586 433
1752783772424 0.07483585876832817 434
1752783772605 0.08747260603147611 435
1752783772784 0.023214804921547788 436
1752783772966 0.013304599569388096 437
1752783773146 0.024782680461660243 438
1752783773322 0.06948478410969844 439
1752783773494 0.0017722238165774843 440
1752783773689 0.060626307374076385 441
1752783773873 0.04257275361798992 442
1752783774050 0.0015140387796798516 443
1752783774217 0.15426764790346603 444
1752783774395 0.025334183193306294 445
1752783774578 0.0036262750018960996 446
1752783774761 0.008163399924437731 447
1752783774944 0.0508010654593974 448
1752783775119 0.10700895772493989 449
1752783775302 0.0010631784896962724 450
1752783775474 0.0032517130851991054 451
1752783775647 0.01670736607901596 452
1752783775829 0.020834843208900194 453
1752783776012 0.09300636393512622 454
1752783776186 0.0019663875684047395 455
1752783776368 0.035326213410555994 456
1752783776548 0.0036765458400713005 457
1752783776726 0.006913027956786848 458
1752783776901 0.0031903806304028103 459
1752783777080 0.18172336018781893 460
1752783777280 0.009157413430699283 461
1752783777454 0.2216606653536756 462
1752783777629 0.00041194881843918175 463
1752783777805 0.010185199196584484 464
1752783777972 0.07394533601331904 465
1752783778146 0.018200013941832547 466
1752783778326 0.15088818826359474 467
1752783778495 0.031863582554405814 468
1752783778677 0.006210229557504443 469
1752783778854 0.07690895213534713 470
1752783779031 0.047230100599097664 471
1752783779198 0.038057266101047926 472
1752783779379 0.06488034911866811 473
1752783779557 0.33702556183704613 474
1752783779740 0.07780773701756427 475
1752783779916 0.10092406001344344 476
1752783780083 0.09875402333925068 477
1752783780257 0.07690281939122312 478
1752783780434 0.17632349738138642 479
1752783780614 0.0011443494882440895 480
1752783780802 0.08263728335386884 481
1752783780981 0.12329247420267682 482
1752783781161 0.016321139991708585 483
1752783781335 0.023116446250369287 484
1752783781516 0.0008921084927511714 485
1752783781688 0.15092129351911215 486
1752783781869 0.015187359966737635 487
1752783782047 0.008047164974750066 488
1752783782224 0.025880048948987253 489
1752783782406 0.08925521320429972 490
1752783782601 0.004525843253564734 491
1752783782782 0.12350649050426817 492
1752783782964 0.1851984069526179 493
1752783783159 0.054368492914425116 494
1752783783334 0.094131438240521 495
1752783783514 0.1676639810103185 496
1752783783692 0.06513830866057978 497
1752783783870 0.05861079518563853 498
1752783784039 0.0013586369975738574 499
1752783784209 0.08764549450202096 500
1752783784390 0.08252221224848878 501
1752783784564 0.01591505090292015 502
1752783784730 0.12227608009971465 503
1752783784917 0.04198626182462648 504
1752783785101 0.0065593913978791345 505
1752783785282 0.12482951720143012 506
1752783785443 0.07056436772393078 507
1752783785623 0.0002448441530906398 508
1752783785794 0.06992095724673868 509
1752783785964 0.08531032443388335 510
1752783786153 0.11654925574142481 511
1752783786329 0.0193764173645822 512
1752783786511 0.06542978432839035 513
1752783786691 0.03078535066286008 514
1752783786859 0.025463640357845825 515
1752783787043 0.009541426778088412 516
1752783787224 0.03792248960073927 517
1752783787408 0.0744321672053305 518
1752783787568 0.048240715044412096 519
1752783787742 0.09653007556411186 520
1752783787922 0.0700965808544231 521
1752783788099 0.005038273890903483 522
1752783788263 0.0016887618217486429 523
1752783788429 0.057174269882589925 524
1752783788612 0.03908041640864105 525
1752783788794 0.11695326497719508 526
1752783788982 0.023813569782912748 527
1752783789170 0.03889617778798326 528
1752783789348 0.08002578024386763 529
1752783789528 0.00190881349609887 530
1752783789717 0.05713551937763908 531
1752783789895 0.0032879261228339687 532
1752783790077 0.09451525992614082 533
1752783790259 0.0019114226520127158 534
1752783790440 0.006114561032364691 535
1752783790622 0.02844933139199897 536
1752783790805 0.1507714801757544 537
1752783790993 0.011932737932991072 538
1752783791180 0.009434518022286275 539
1752783791368 0.03924664921569277 540
1752783791564 0.024050829923341052 541
1752783791742 0.008733067747103836 542
1752783791923 0.06831846611133711 543
1752783792098 0.07639476570435672 544
1752783792279 0.00864691238817939 545
1752783792463 0.17961918241283592 546
1752783792656 0.16086934248317716 547
1752783792830 0.06583258804811437 548
1752783793016 0.017157442224234896 549
1752783793181 0.0047380052638855905 550
1752783793363 0.0383083750440397 551
1752783793529 0.02467332349876629 552
1752783793697 0.019021546751603773 553
1752783793865 0.008223824288752261 554
1752783794044 0.031173276894014453 555
1752783794215 0.2766132147197229 556
1752783794379 0.08340925681141387 557
1752783794553 0.02491560766267754 558
1752783794719 0.11368898383101206 559
1752783794891 0.009388591755919896 560
1752783795075 0.012635381735564466 561
1752783795246 0.03248281464249356 562
1752783795545 0.010753814326310812 563
1752783795718 0.08312135741254213 564
1752783795882 0.049184767636811066 565
1752783796061 0.08898791736317864 566
1752783796265 0.005113024747579178 567
1752783796434 0.006019629120562506 568
1752783796600 0.004524544851660421 569
1752783796783 0.055197289020760654 570
1752783796974 0.04857749107974961 571
1752783797148 0.04597292573063039 572
1752783797326 0.030045069077392374 573
1752783797511 0.045562824353100315 574
1752783797691 0.05271702478463961 575
1752783797871 0.09786954686817156 576
1752783798045 0.004893198412137876 577
1752783798213 0.18170347793140104 578
1752783798392 0.002549216592777695 579
1752783798573 0.016672730127617025 580
1752783798764 0.1809709445340013 581
1752783798940 0.024495106988243365 582
1752783799123 0.08412420940721556 583
1752783799304 0.08600152764464732 584
1752783799483 0.07847136092597291 585
1752783799661 0.02298234500447285 586
1752783799844 0.025359912169666793 587
1752783800028 0.16440080035895654 588
1752783800211 0.05011729987946822 589
1752783800391 0.01313816186577675 590
1752783800584 0.0067940692523313605 591
1752783800767 0.08937842863426154 592
1752783800948 0.046310466401026255 593
1752783801130 0.05509822488639718 594
1752783801312 0.015586458793893808 595
1752783801483 0.013412655454718087 596
1752783801662 0.13516401448381318 597
1752783801842 0.04998477230779252 598
1752783802023 0.02378892076139275 599
1752783802198 0.002261824586660103 600
1752783802386 0.005062478791801453 601
1752783802564 0.043725739377394636 602
1752783802751 0.012392633011329174 603
1752783802931 0.015440854553119464 604
1752783803114 0.008001749982009343 605
1752783803299 0.023225952526376492 606
1752783803463 0.10351195164249877 607
1752783803635 0.12923006965190761 608
1752783803812 0.11266579054808093 609
1752783803977 0.008450815321555276 610
1752783804167 0.1653773495828974 611
1752783804343 0.047739251914972226 612
1752783804523 0.01667185076056373 613
1752783804693 0.017047783884127015 614
1752783804867 0.14008323354396343 615
1752783805052 0.021069284358972776 616
1752783805234 0.06941920611447037 617
1752783805408 0.025831375936404156 618
1752783805579 0.0004295173424970195 619
1752783805764 0.10768795026717669 620
1752783805954 0.1606688327870926 621
1752783806131 0.033587868372326544 622
1752783806303 0.08917758943617016 623
1752783806482 0.09423478309694927 624
1752783806666 0.09617391151586267 625
1752783806850 0.016555879935050047 626
1752783807034 0.05177506953556615 627
1752783807214 0.024171102585363865 628
1752783807388 0.011882715457102476 629
1752783807560 0.031584203603796435 630
1752783807744 0.080194773230994 631
1752783807923 0.0031581012125801882 632
1752783808098 0.00527625986499134 633
1752783808280 0.18702461086720462 634
1752783808453 0.018985651166175063 635
1752783808642 0.01375843322170222 636
1752783808840 0.006810360125742452 637
1752783809023 0.07813434087852222 638
1752783809195 0.029839352880947845 639
1752783809375 0.006071224797760392 640
1752783809563 0.08009970412865512 641
1752783809735 0.007859094842517398 642
1752783809913 0.0015033196715998427 643
1752783810090 0.06434626636263104 644
1752783810266 0.10074561062880148 645
1752783810436 0.08451048684192891 646
1752783810624 0.009440089396336273 647
1752783810807 0.011637208734041924 648
1752783810995 0.04634449708955502 649
1752783811183 0.07380722689356287 650
1752783811384 0.033018088650709126 651
1752783811556 0.03610454411155435 652
1752783811735 0.0028806850633616692 653
1752783811914 0.03140219386739701 654
1752783812102 0.018330844313390045 655
1752783812282 0.014669876277837782 656
1752783812473 0.03013609820746821 657
1752783812665 0.04691954132800829 658
1752783812855 0.09295137498937375 659
1752783813060 0.021054560134438304 660
1752783813244 0.01906097858331319 661
1752783813421 0.030736990529489996 662
1752783813595 0.07934629275668097 663
1752783813766 0.07790723532707439 664
1752783813943 0.11593976898902303 665
1752783814113 0.03113209525397059 666
1752783814275 0.09622715325717526 667
1752783814448 0.049143091738724526 668
1752783814618 0.09067082715308918 669
1752783814791 0.022324803264141446 670
1752783815045 0.0025590931065638655 671
1752783815227 0.0048185308711905656 672
1752783815403 0.013949590773890736 673
1752783815573 0.11444232965215112 674
1752783815756 0.01961520344708488 675
1752783815929 0.028843119839736094 676
1752783816099 0.05221727206415061 677
1752783816271 0.02814774733548411 678
1752783816443 0.06436160614205809 679
1752783816625 0.025875451657913048 680
1752783816821 0.023411077369205238 681
1752783816995 0.03819943264859059 682
1752783817174 0.030642427860901406 683
1752783817359 0.1479407470179316 684
1752783817535 0.06314999775433544 685
1752783817714 0.05693688846817675 686
1752783817885 0.022023813182822857 687
1752783818060 0.0014123918581460814 688
1752783818240 0.04975554650945383 689
1752783818420 0.06944376279949371 690
1752783818619 0.06119827017017154 691
1752783818803 0.011639709008638173 692
1752783818981 0.046091949268544985 693
1752783819157 0.0897579527677465 694
1752783819331 0.007666000992549333 695
1752783819505 0.054780348971738335 696
1752783819684 0.14930354164888363 697
1752783819865 0.0751355583028583 698
1752783820044 0.06330742430861128 699
1752783820214 0.1036464402037227 700
1752783820404 0.0041070333446671286 701
1752783820574 0.2450103643652613 702
1752783820758 0.015616991296442445 703
1752783820924 0.1114794139496189 704
1752783821103 0.0673301288292166 705
1752783821274 0.03947417298877681 706
1752783821449 0.08594445265329625 707
1752783821633 0.007939009813402231 708
1752783821808 0.02553826108335169 709
1752783821975 0.03241072860127106 710
1752783822161 0.05166751231343267 711
1752783822330 0.04913283326966769 712
1752783822509 0.11092493728155768 713
1752783822693 0.040237081698672676 714
1752783822868 0.05215829114548997 715
1752783823053 0.1582997360381993 716
1752783823222 0.0023102719835779786 717
1752783823394 0.020465256488368916 718
1752783823572 0.05079837679697963 719
1752783823811 7.100956806984748e-05 720
1752783824007 0.007011198908434205 721
1752783824193 0.02169303924194856 722
1752783824381 0.09549396330894847 723
1752783824568 0.0075449718362211125 724
1752783824751 0.06395645061739494 725
1752783824938 0.011336395916878562 726
1752783825132 0.1202672186452084 727
1752783825302 0.002756757661154184 728
1752783825484 0.014022450196372016 729
1752783825658 0.12141967650913488 730
1752783825859 0.021525250989111074 731
1752783826113 0.050312678914683655 732
1752783826289 0.0009095419838137664 733
1752783826458 0.0007964809491474708 734
1752783826626 0.08608134884247519 735
1752783826788 0.09629159884534998 736
1752783826953 0.007716530396856368 737
1752783827121 0.06815307410953424 738
1752783827292 0.005461418129214883 739
1752783827458 0.06717045316437456 740
1752783827644 0.02377538542120198 741
1752783827815 0.055399256692069736 742
1752783827997 0.0477031333779614 743
1752783828178 0.047684799760760906 744
1752783828361 0.008125529856151637 745
1752783828549 0.000753500897183658 746
1752783828739 0.08383396259291542 747
1752783828923 0.05500141160192912 748
1752783829112 0.16307530251838648 749
1752783829288 0.012375185766863316 750
1752783829479 0.005815621887342425 751
1752783829665 0.07355004212959053 752
1752783829845 0.013675050196864595 753
1752783830029 0.031182798244053317 754
1752783830204 0.2317771260945073 755
1752783830383 0.18860120398223437 756
1752783830562 0.1497645826163733 757
1752783830751 0.08743212849866265 758
1752783830942 0.13626144277799396 759
1752783831133 0.07618015023841417 760
1752783831331 0.08158892578593469 761
1752783831505 0.012222430907111635 762
1752783831696 0.017477287833151722 763
1752783831883 0.0002298958244530964 764
1752783832074 0.06104395776395675 765
1752783832253 0.10857169133962428 766
1752783832442 0.024561793749212454 767
1752783832633 0.05950559870466034 768
1752783832817 0.003006166696971138 769
1752783833005 0.061265545820701685 770
1752783833205 0.021124866270456014 771
1752783833392 0.020978818634537873 772
1752783833571 0.010557272988263353 773
1752783833755 0.1178294740634224 774
1752783833944 0.026835171275048225 775
1752783834113 0.10706218792862528 776
1752783834300 0.017018866812871247 777
1752783834470 0.047964499283634186 778
1752783834652 0.057474332679490814 779
1752783834818 0.18085089248956343 780
1752783835038 0.07310769840348469 781
1752783835230 0.03751410426220647 782
1752783835448 0.02787905816354548 783
1752783835634 0.006816126520263451 784
1752783835819 0.06953533486397681 785
1752783835992 0.022209926937970043 786
1752783836168 0.039209876145808564 787
1752783836344 0.014179977752471457 788
1752783836523 0.02509643529312813 789
1752783836695 0.10370683321637873 790
1752783836894 0.08678213128285812 791
1752783837073 0.0037164450915073244 792
1752783837252 0.07959374528394303 793
1752783837435 0.09469934172166751 794
1752783837613 0.02919229685455721 795
1752783837794 0.10714992724130044 796
1752783837973 0.004109594113636701 797
1752783838140 0.045926863921218114 798
1752783838311 0.0035547016249031145 799
1752783838494 0.009648525809654692 800
1752783838686 0.057801892517644705 801
1752783838867 0.0006344430480743945 802
1752783839052 0.15238147593523133 803
1752783839231 0.1150676421940947 804
1752783839401 0.03767202451720252 805
1752783839591 0.018279459309173546 806
1752783839763 0.10097949812737261 807
1752783839948 0.042769867972480856 808
1752783840116 0.028802566068379748 809
1752783840297 0.04898077007677314 810
1752783840493 0.011051052636955383 811
1752783840678 0.023878015889969916 812
1752783840858 0.016675787344426537 813
1752783841042 0.047794250926344775 814
1752783841221 0.03522555409227821 815
1752783841394 0.00011200388990639887 816
1752783841574 0.0069824500829606135 817
1752783841754 0.03630059080794434 818
1752783841929 0.020831702982502857 819
1752783842105 0.0016912935496728437 820
1752783842301 0.04302716305937116 821
1752783842472 0.018157469924636512 822
1752783842645 0.017005673475947825 823
1752783842824 0.025515732029701726 824
1752783842995 0.05537003857532492 825
1752783843168 0.05794060342145721 826
1752783843339 0.10507406697898128 827
1752783843505 0.07526013692428957 828
1752783843678 0.04289908344176683 829
1752783843855 0.0051855896499894754 830
1752783844045 0.014709219593234572 831
1752783844229 0.0024319334327134175 832
1752783844404 0.0870332805467494 833
1752783844584 0.15322109389420283 834
1752783844768 0.06595036140442212 835
1752783844946 0.009676756019631295 836
1752783845118 0.009071430959492218 837
1752783845290 0.003943268393090214 838
1752783845475 0.003028790866576036 839
1752783845649 0.019301905525449095 840
1752783845843 0.10297022427807455 841
1752783846019 0.10605539821993054 842
1752783846192 0.005443319273421423 843
1752783846374 0.0412562018520559 844
1752783846584 0.04354499285534816 845
1752783846754 0.02753311861329288 846
1752783846923 0.007900621371002914 847
1752783847097 0.0011569295731177402 848
1752783847266 0.11662722509119304 849
1752783847451 0.05218473204178669 850
1752783847638 0.005205878256725197 851
1752783847814 0.08744842582986169 852
1752783847982 0.021416639049762768 853
1752783848162 0.0008834334542165454 854
1752783848337 0.028063472014999903 855
1752783848515 0.04730221650155279 856
1752783848694 0.014754027643612217 857
1752783848873 0.006635519117826352 858
1752783849049 0.03267743240011014 859
1752783849220 0.013975073111957682 860
1752783849410 0.12361889863421682 861
1752783849592 0.024159951895016272 862
1752783849767 0.01176745511745129 863
1752783849948 0.00803251662501113 864
1752783850119 0.005737608293606047 865
1752783850298 0.01886764407654181 866
1752783850467 0.04413436443363574 867
1752783850648 0.018184038214295647 868
1752783850826 0.13348863046103326 869
1752783851011 0.02882539006241427 870
1752783851213 0.01954167805235473 871
1752783851394 0.0007232239222379278 872
1752783851578 0.30659689933208417 873
1752783851782 0.03902441063708193 874
1752783851982 0.0005089611960911592 875
1752783852175 0.01946905849049898 876
1752783852343 0.058410202924954885 877
1752783852520 0.09604994134070034 878
1752783852692 0.018267089320079772 879
1752783852861 0.11851351334018392 880
1752783853045 0.005094093235511825 881
1752783853217 0.09470932451107504 882
1752783853389 0.1087566851061208 883
1752783853558 0.07178294349115773 884
1752783853734 0.019168971068069366 885
1752783853923 0.024925678469797968 886
1752783854110 0.0053466419332824245 887
1752783854288 0.02199195019703984 888
1752783854466 0.00862352958416242 889
1752783854650 0.005944648314518242 890
1752783854851 0.0015289077924781824 891
1752783855041 0.017973102058281603 892
1752783855218 0.1405745154859762 893
1752783855403 0.03165880699401483 894
1752783855627 0.0005963579791154372 895
1752783855806 0.038927250588854614 896
1752783855977 0.003950873116139292 897
1752783856148 0.0072867204107917374 898
1752783856319 0.007810361096692861 899
1752783856492 0.03313727282305297 900
1752783856719 0.0490249705766643 901
1752783856888 0.0639025687266662 902
1752783857065 0.0037800458160131105 903
1752783857240 0.049853299066586164 904
1752783857414 0.04012468367180343 905
1752783857598 0.00787587058220615 906
1752783857774 0.012765784866767991 907
1752783857958 0.07640257256299887 908
1752783858139 0.09286933437955158 909
1752783858330 0.03373558896617892 910
1752783858521 0.0024597305218717214 911
1752783858691 0.13270602879897037 912
1752783858866 0.046316457392265004 913
1752783859051 0.1550907685401821 914
1752783859246 0.07688187333569088 915
1752783859438 0.01263975302621166 916
1752783859637 0.012314973023171768 917
1752783859816 0.023379764516755098 918
1752783859997 0.028383269929873847 919
1752783860177 0.055363610530490465 920
1752783860377 0.002719796091360234 921
1752783860563 0.054068420806573037 922
1752783860751 0.006798769057231459 923
1752783860932 0.0037821384955553997 924
1752783861114 0.13401806252667733 925
1752783861298 0.0009396305521161327 926
1752783861483 0.022704779496753282 927
1752783861668 0.034367607820271345 928
1752783861849 0.00902195657778542 929
1752783862035 0.11942529843374511 930
1752783862233 0.059302739809049855 931
1752783862418 0.06910959175564578 932
1752783862603 0.011469166454862012 933
1752783862792 0.0929512178675852 934
1752783862976 0.13712706265675068 935
1752783863167 0.05715708766810245 936
1752783863352 0.05485306807028942 937
1752783863534 0.0773857385359466 938
1752783863705 0.1655118883332649 939
1752783863883 0.07380939635190428 940
1752783864087 0.030854002450791607 941
1752783864260 0.01783905528803411 942
1752783864450 0.17821847041353703 943
1752783864626 0.07368888765986197 944
1752783864809 0.01338051140069095 945
1752783864992 0.0003059641195824012 946
1752783865183 0.024043927899136668 947
1752783865362 0.048598861680240614 948
1752783865545 0.030489222059349043 949
1752783865723 0.020014483897121203 950
1752783865920 0.007905216692537841 951
1752783866095 0.018512809019490678 952
1752783866267 0.09578964932376441 953
1752783866443 0.15113995276443393 954
1752783866644 0.007968495400716175 955
1752783866844 0.010440808929326365 956
1752783867024 0.07339101684448311 957
1752783867203 0.02268979450948101 958
1752783867382 0.01637381109296991 959
1752783867630 0.0384243932252641 960
1752783867846 0.06920483828304888 961
1752783868029 0.05746315050727855 962
1752783868209 7.631394823896528e-05 963
1752783868392 0.05658239175795221 964
1752783868568 0.08833541256882839 965
1752783868750 0.039599492010179926 966
1752783868925 0.12197019392044016 967
1752783869107 0.09607131952326009 968
1752783869293 0.00426084738153189 969
1752783869524 0.016126916866607367 970
1752783869732 0.017931765306945235 971
1752783869913 0.014652677842368709 972
1752783870097 0.03235440480350052 973
1752783870279 0.017263391474014133 974
1752783870461 0.017822079940447804 975
1752783870658 0.006746635169062577 976
1752783870845 0.03597297696886267 977
1752783871037 0.05135279628438282 978
1752783871230 0.028851767786655 979
1752783871423 0.048206351425320926 980
1752783871624 0.005333480902377383 981
1752783871807 0.0029463607297105306 982
1752783872000 0.04790144383000967 983
1752783872185 0.09999705559382202 984
1752783872374 0.026321910062246448 985
1752783872561 0.010594979816704497 986
1752783872755 0.05640979942742385 987
1752783872948 0.05765798447513252 988
1752783873138 0.004415390516918195 989
1752783873328 0.006399026290362356 990
1752783873527 0.09538330206678777 991
1752783873719 0.03817703377808744 992
1752783873909 0.16002705350454238 993
1752783874096 0.023919183410694406 994
1752783874281 0.055430036741057724 995
1752783874464 0.004691306515617114 996
1752783874657 0.09204386785935004 997
1752783874851 0.004205043832770004 998
1752783875045 0.021880042376028058 999
