1752783696810 0.0005248355349164987 0
1752783696989 0.009884182954700522 1
1752783697160 0.0012408101312980264 2
1752783697336 0.006308730783279686 3
1752783697512 0.0026857743581460525 4
1752783697680 0.0017684338785563982 5
1752783697852 0.01893289946848762 6
1752783698025 0.011585569587186793 7
1752783698200 0.004970021918114356 8
1752783698372 0.00401237513554968 9
1752783698547 0.004278244939862792 10
1752783698728 0.0018328124412354675 11
1752783698896 0.013836469019484337 12
1752783699072 0.006190802668643517 13
1752783699244 0.01992097947976023 14
1752783699410 0.004763071214331796 15
1752783699574 0.014833970960037156 16
1752783699744 0.0017159595438507697 17
1752783699915 0.010345356010950013 18
1752783700091 0.0001660334875616643 19
1752783700267 1.2402249586128899e-06 20
1752783700446 0.0038027300658279744 21
1752783700618 0.010228492163127424 22
1752783700788 0.012273936206365552 23
1752783700955 0.00514610827795113 24
1752783701131 0.0029970861570525493 25
1752783701304 0.018341648926959275 26
1752783701473 0.00972638379158363 27
1752783701645 0.0014126873679847413 28
1752783701819 0.00016219322475030987 29
1752783701995 0.011919683549065927 30
1752783702158 0.005925611835178422 31
1752783702332 0.014763555453381313 32
1752783702502 0.0018597622850808377 33
1752783702696 0.0003456582775926787 34
1752783702867 0.0006697256194728028 35
1752783703035 0.015177124232909565 36
1752783703208 0.00522614303962085 37
1752783703380 0.015075670555188605 38
1752783703554 0.017291565299433934 39
1752783703727 0.004581494982260496 40
1752783703895 0.01824787102167064 41
1752783704065 0.003175085065551534 42
1752783704238 0.012063630166502845 43
1752783704408 0.0036587877533144422 44
1752783704581 0.007377122310481843 45
1752783704755 0.005208891976755697 46
1752783704931 0.003936081883887486 47
1752783705104 0.03752931336285709 48
1752783705274 0.0005108847250140587 49
1752783705440 0.0032960027640522942 50
1752783705615 0.00403375144128332 51
1752783705779 0.0068571619015322305 52
1752783705946 0.016689232124374002 53
1752783706118 0.015616782947238403 54
1752783706289 0.010983401580585857 55
1752783706461 0.013453203579209656 56
1752783706625 0.015048226393174172 57
1752783706804 0.007425593044932047 58
1752783706975 0.005880609536291087 59
1752783707150 0.002676617395875636 60
1752783707320 0.0020378522263558943 61
1752783707493 0.01976339898068681 62
1752783707667 0.01030442600061708 63
1752783707840 0.0006169677906445651 64
1752783708011 0.008322326159601288 65
1752783708191 0.019086548962263198 66
1752783708358 0.06478298318861662 67
1752783708530 0.002766207892682278 68
1752783708704 0.013191104885109923 69
1752783708871 1.323898288339975e-05 70
1752783709050 0.03546115495035418 71
1752783709224 0.00028895696851879044 72
1752783709390 0.02035347046312855 73
1752783709554 0.013895809337657708 74
1752783709723 0.0011769799635164226 75
1752783709891 0.0034148904303799477 76
1752783710063 0.012456825040209863 77
1752783710240 0.002611156936759404 78
1752783710409 0.0005866983341678542 79
1752783710584 0.0005151117984156752 80
1752783710755 0.014918170991221393 81
1752783710930 0.00758333053796906 82
1752783711105 0.0028072876220546716 83
1752783711281 0.01165005168661294 84
1752783711453 0.00498728769331892 85
1752783711629 0.016421643232961195 86
1752783711801 0.010287928563765704 87
1752783711973 0.0016508404148257558 88
1752783712144 0.0055279800263190225 89
1752783712314 0.014472994534283063 90
1752783712493 0.0031228373445679105 91
1752783712668 0.044807393201787844 92
1752783712842 0.02494452044497011 93
1752783713018 0.011558277108713662 94
1752783713179 0.0060333090013858365 95
1752783713348 0.012306929774486957 96
1752783713523 0.01709049508645679 97
1752783713688 0.006657028016343883 98
1752783713859 0.014155622675754816 99
1752783714033 0.005688315087314761 100
1752783714206 0.009073436018671525 101
1752783714378 0.010248243021799431 102
1752783714555 0.011787942814694577 103
1752783714730 7.856144649889307e-05 104
1752783714904 0.014648081813328639 105
1752783715080 0.03071376029605551 106
1752783715243 0.00029128351770612784 107
1752783715411 0.01717820479361301 108
1752783715579 0.01139814579615929 109
1752783715754 0.0018811380819817691 110
1752783715929 0.02055225908984177 111
1752783716103 0.0016464706903238856 112
1752783716274 0.0025330818750099473 113
1752783716447 0.05295282024438347 114
1752783716621 0.011920281386850771 115
1752783716795 0.0006743607442604266 116
1752783716972 0.015934563127627515 117
1752783717145 0.008027086510834665 118
1752783717320 0.005115661089055469 119
1752783717481 0.019538835412139268 120
1752783717673 0.002454672526254388 121
1752783717835 0.022554516827687977 122
1752783718008 0.01411012488419198 123
1752783718179 0.0026889083727932267 124
1752783718354 0.0012372797368020228 125
1752783718531 0.011968656121069916 126
1752783718709 0.002087396711979112 127
1752783718883 0.0017564587966870232 128
1752783719058 0.02261449988040471 129
1752783719232 0.0025535832038701247 130
1752783719403 0.005057698703203518 131
1752783719574 0.002294706797856555 132
1752783719747 0.004606644876633379 133
1752783719910 0.0004910621105041569 134
1752783720084 0.004163482625723004 135
1752783720257 0.0032434097697890884 136
1752783720430 0.003287519155829968 137
1752783720609 0.013946667120065979 138
1752783720786 0.006806129508769068 139
1752783720963 0.008521848000316365 140
1752783721145 0.004649525161408651 141
1752783721319 0.0009943313510596523 142
1752783721492 0.01280499617283666 143
1752783721665 0.0036761181657864036 144
1752783721839 0.0027296418675703572 145
1752783722012 0.004681044783832687 146
1752783722188 0.0008516828709252002 147
1752783722362 0.01414522362113951 148
1752783722532 0.013670072956863136 149
1752783722707 0.0006756981299709011 150
1752783722886 0.015235575108767559 151
1752783723062 0.004444546837480986 152
1752783723240 0.023882417899023928 153
1752783723410 0.007115691803346316 154
1752783723579 0.0133949844861002 155
1752783723754 0.017671719201489026 156
1752783723924 0.0046491410218644615 157
1752783724098 0.0013379122691691088 158
1752783724273 0.005374225711105691 159
1752783724447 0.0034507629444842885 160
1752783724630 0.0010739041497660757 161
1752783724797 0.006670968750222748 162
1752783724974 0.0024702833679641264 163
1752783725133 0.0034476933202002937 164
1752783725391 0.005335547474263498 165
1752783725553 0.01125909334878855 166
1752783725718 0.0009216934168865336 167
1752783725881 0.0063650278256702966 168
1752783726057 0.0036743449253057088 169
1752783726231 0.029320410728754256 170
1752783726452 0.009247131140588276 171
1752783726627 0.0032152033609100877 172
1752783726782 0.00023483221217456874 173
1752783726937 0.026780291051177785 174
1752783727100 0.0013728717334330301 175
1752783727266 0.0007377637127926386 176
1752783727441 0.009217194763317647 177
1752783727613 0.005884790297605687 178
1752783727783 0.008480117923908834 179
1752783727955 0.01927055794450412 180
1752783728128 0.003695627876659064 181
1752783728327 0.022420476630748518 182
1752783728493 0.0004397501840740904 183
1752783728651 0.006723670600592515 184
1752783728824 0.003316662404433124 185
1752783728991 0.006672675824775439 186
1752783729162 0.013115021679924094 187
1752783729328 0.005564611553200578 188
1752783729494 0.005403791117695785 189
1752783729658 8.18748992903766e-05 190
1752783729841 0.006511815127389809 191
1752783730010 0.006791085418938029 192
1752783730182 0.03359222206743961 193
1752783730361 0.012335951026305414 194
1752783730527 0.0009204628429492921 195
1752783730682 0.007585205668637723 196
1752783730839 0.0005699932904959828 197
1752783730998 0.009412816034642382 198
1752783731167 0.00981975502792656 199
1752783731342 0.012825463350778195 200
1752783731523 0.0025146268787500947 201
1752783731684 0.00235722858496343 202
1752783731850 0.016760631451664048 203
1752783732018 0.01173462541722981 204
1752783732186 0.0006046573551190903 205
1752783732354 0.01114266565479335 206
1752783732530 0.007182907104815356 207
1752783732694 0.007011764833657416 208
1752783732864 0.009423668295838846 209
1752783733070 0.005732830829399324 210
1752783733313 0.000751002793927078 211
1752783733505 0.00832422555900747 212
1752783733665 0.004901976393024862 213
1752783733832 0.0007425876160560819 214
1752783733994 0.007910114985439856 215
1752783734182 0.018624318301780955 216
1752783734361 0.0434046187276816 217
1752783734539 0.0036144542226612224 218
1752783734722 0.003453706842187283 219
1752783734903 0.01414879102078255 220
1752783735232 0.0013429778587974843 221
1752783735410 0.002177929827476236 222
1752783735598 0.004734259263628272 223
1752783735760 0.010439269782913691 224
1752783735924 0.0010118512160336142 225
1752783736105 0.008418425427151486 226
1752783736276 0.02329689865002878 227
1752783736446 0.013311299700019303 228
1752783736614 0.0011780241334840406 229
1752783736786 0.03619017419800132 230
1752783736954 0.002198532677224131 231
1752783737124 0.013040732890188273 232
1752783737297 0.009162463686366765 233
1752783737473 0.011036368908078284 234
1752783737649 0.0057407191757057165 235
1752783737815 0.012089577788646298 236
1752783737989 0.002605123180612758 237
1752783738154 0.004357774978134937 238
1752783738318 0.013828606131604401 239
1752783738482 0.011145428948775776 240
1752783738652 0.02304201597237156 241
1752783738821 0.0009715029848521927 242
1752783738994 0.008715482108884365 243
1752783739168 0.006239584134912267 244
1752783739342 0.0009435083420414388 245
1752783739522 0.025281506060366707 246
1752783739695 0.007327588757569387 247
1752783739870 0.006149431264481034 248
1752783740037 0.014558791695506664 249
1752783740205 0.0030068299996398005 250
1752783740375 0.002294847657778857 251
1752783740534 0.00416296738744002 252
1752783740698 0.005571731625119492 253
1752783740862 0.009078443076033163 254
1752783741038 0.00010939067207123254 255
1752783741204 0.0005145216260056404 256
1752783741379 0.0034018858009060176 257
1752783741542 0.008049315392495248 258
1752783741708 0.00850485575817105 259
1752783741873 0.014048332346296712 260
1752783742050 0.0014766129424046864 261
1752783742221 0.042537314013572455 262
1752783742386 0.0039799320045817875 263
1752783742558 0.015352946291712135 264
1752783742742 0.019190116068445832 265
1752783742925 0.003573249294723479 266
1752783743094 0.013356309106685846 267
1752783743272 0.015983364336958177 268
1752783743434 0.014512190430200569 269
1752783743611 0.0055460762624610525 270
1752783743792 0.012367428702972529 271
1752783743965 0.0008426922940158663 272
1752783744133 0.002733133637086513 273
1752783744305 0.007449658910133876 274
1752783744485 0.010608293241684115 275
1752783744668 0.02314322968299658 276
1752783744835 0.025330448519337384 277
1752783744995 0.013313096843937845 278
1752783745159 0.0008369115719245826 279
1752783745324 0.0114144114093891 280
1752783745491 0.02768950646216485 281
1752783745665 0.0022904953036327045 282
1752783745821 0.002706729849584023 283
1752783745978 0.006293578678070951 284
1752783746136 0.0066781505504114715 285
1752783746290 0.003373634516434852 286
1752783746443 0.020136953739540036 287
1752783746605 0.01130731897970903 288
1752783746772 0.0007312309964298401 289
1752783746953 0.00010015712909076534 290
1752783747140 0.0013764843002302823 291
1752783747324 0.014149735300723975 292
1752783747500 0.006265997594446413 293
1752783747677 0.0015339703705085082 294
1752783747855 0.017086923161310743 295
1752783748031 0.03137101700752302 296
1752783748213 0.007543049704873864 297
1752783748392 0.03483220216490247 298
1752783748564 0.002959275353214968 299
1752783748739 0.015129311989314732 300
1752783748924 0.0005447377071860899 301
1752783749104 0.006177590505035636 302
1752783749282 0.0031700351272638907 303
1752783749463 0.023018665902880348 304
1752783749632 0.006381548556875587 305
1752783749816 0.006060354014713919 306
1752783749979 0.01726271173222839 307
1752783750154 0.008504369420659377 308
1752783750326 0.07368229104240456 309
1752783750515 0.012013075460376894 310
1752783750694 0.00425348634111903 311
1752783750868 0.0093465442170555 312
1752783751034 0.006296897579294116 313
1752783751194 0.0028485003832652797 314
1752783751360 0.003294872385017248 315
1752783751540 0.011904745298065993 316
1752783751709 0.00418461681062397 317
1752783751888 0.013355293506013218 318
1752783752060 0.02434120899482694 319
1752783752245 0.0008859573357341856 320
1752783752429 0.005417319868845286 321
1752783752604 7.856745309429298e-05 322
1752783752783 0.02924626187616303 323
1752783752966 0.003114481913487932 324
1752783753157 0.005331129014809905 325
1752783753337 0.010329965406951283 326
1752783753496 0.005428936967243664 327
1752783753668 0.010437743304687403 328
1752783753856 0.021777983138090703 329
1752783754034 0.01080204596541085 330
1752783754218 0.0028378433993092923 331
1752783754399 0.0014268102658019015 332
1752783754572 0.021375285462827635 333
1752783754744 0.003321197621581681 334
1752783754911 0.0035583671006081375 335
1752783755074 0.003935358493090218 336
1752783755238 0.0019513639689966889 337
1752783755400 0.0012243057845996443 338
1752783755570 0.00681559521132908 339
1752783755741 0.0010573233790342083 340
1752783755922 0.002764502150972451 341
1752783756092 0.04089724925473092 342
1752783756270 0.01954175113371272 343
1752783756440 0.001320324331510025 344
1752783756608 0.017170124506535794 345
1752783756777 0.007778288460370665 346
1752783756946 0.006826829224985555 347
1752783757111 0.05721363839284969 348
1752783757309 0.0013409455898422296 349
1752783757475 0.009265416193134372 350
1752783757648 0.02598955763717755 351
1752783757822 0.00028418229113464955 352
1752783757988 0.014662928526681454 353
1752783758170 0.012407429699925015 354
1752783758349 0.0002960845824194483 355
1752783758531 0.0031514810456020883 356
1752783758712 0.01405863363131036 357
1752783758893 0.006924439500917885 358
1752783759076 0.0017999311656275699 359
1752783759238 0.012105570426422092 360
1752783759415 0.0022075949679347664 361
1752783759580 0.015179851813830816 362
1752783759744 8.029172461577588e-05 363
1752783759910 0.019516683340963344 364
1752783760084 0.012387591160479295 365
1752783760247 0.0031651470001510737 366
1752783760423 0.012313078139744478 367
1752783760612 0.01741365840617595 368
1752783760790 0.003499223572851879 369
1752783760975 0.007129260212107969 370
1752783761170 0.006947469086431352 371
1752783761350 0.04191719549398446 372
1752783761523 0.004430511710531863 373
1752783761706 0.01883170556543494 374
1752783761884 0.004217628274208801 375
1752783762062 0.0021245148213759465 376
1752783762245 0.0025387567819946007 377
1752783762425 0.03418144387803115 378
1752783762609 0.0018185625600371197 379
1752783762792 0.0627767644585881 380
1752783762961 0.0028616000775344274 381
1752783763118 0.013739300657422971 382
1752783763302 0.040126890857092895 383
1752783763483 0.001430045908439648 384
1752783763663 0.01401232787829201 385
1752783763845 0.001794286199512635 386
1752783764023 0.0044930148897152624 387
1752783764205 0.006242224614269646 388
1752783764384 0.015996131074632776 389
1752783764565 0.0019713440969719577 390
1752783764759 0.004434317498254995 391
1752783764942 0.014389593362930372 392
1752783765113 0.018676038234634252 393
1752783765293 0.008718166427484273 394
1752783765464 0.00016347325802050654 395
1752783765630 0.004165297483147805 396
1752783765799 0.0008163059166780687 397
1752783765970 0.007232444959304968 398
1752783766149 0.017411114027097326 399
1752783766313 0.0350763880974269 400
1752783766512 0.003052039291519424 401
1752783766697 0.016300796327683477 402
1752783766883 0.019105323143965257 403
1752783767061 0.0029927712353339363 404
1752783767244 0.012706098008974681 405
1752783767426 0.02593112821085714 406
1752783767591 0.01351924959174784 407
1752783767769 0.00541183068511293 408
1752783767949 0.003973460831014137 409
1752783768125 0.006860587260012002 410
1752783768312 0.002677870453735353 411
1752783768501 0.04551256390134175 412
1752783768683 0.00024467709291231397 413
1752783768864 0.009574588686535209 414
1752783769027 0.026558910517798996 415
1752783769189 0.01592700294697513 416
1752783769374 0.013098999258673902 417
1752783769546 0.0002783019044225955 418
1752783769725 0.013923199080634807 419
1752783769909 0.012841260793233136 420
1752783770102 0.00323669536458968 421
1752783770282 0.023768839745292803 422
1752783770461 0.004679669992891917 423
1752783770647 0.011616192512814323 424
1752783770825 0.01013439109845257 425
1752783770998 0.0007203316510304698 426
1752783771166 0.003042255055354897 427
1752783771347 0.01352542226690467 428
1752783771517 0.006050096038032475 429
1752783771696 0.021893809499193537 430
1752783771897 0.02450387606015438 431
1752783772068 0.013296452567446989 432
1752783772244 0.01173979860304988 433
1752783772424 0.004830395059766655 434
1752783772605 0.0026058376826544423 435
1752783772784 0.0064504188647785555 436
1752783772966 0.023168157296124578 437
1752783773146 0.01089070309567684 438
1752783773322 0.00783624667853069 439
1752783773494 0.007729946059294133 440
1752783773689 0.03813882471741067 441
1752783773873 0.0031548784831947397 442
1752783774050 0.000798222148962629 443
1752783774217 0.012603110522832011 444
1752783774395 0.006103437097256933 445
1752783774578 0.0019135267787440636 446
1752783774761 0.0030869221083355274 447
1752783774944 0.006451965922368573 448
1752783775119 0.0004134615926148197 449
1752783775302 0.002249960694754439 450
1752783775474 0.004599350016888498 451
1752783775647 0.017561110138154673 452
1752783775829 0.014527975956929978 453
1752783776012 0.007810110247013955 454
1752783776186 0.002270451823655004 455
1752783776368 0.009105363551430613 456
1752783776548 0.0006846796870462801 457
1752783776726 0.004291041081870287 458
1752783776901 0.01417973658931898 459
1752783777080 0.01057665659971631 460
1752783777280 0.0038244284744798703 461
1752783777454 0.010423060568285885 462
1752783777629 0.00533579343123736 463
1752783777805 0.01647123809471711 464
1752783777972 0.003975253807971187 465
1752783778146 0.0015822351592155223 466
1752783778326 0.002563212989732493 467
1752783778495 0.029509749494368746 468
1752783778677 0.005797479966595842 469
1752783778854 0.010607985882247855 470
1752783779031 0.0033672541193889814 471
1752783779198 0.00794407495866911 472
1752783779379 0.001579840128723403 473
1752783779557 0.006563595414882044 474
1752783779740 0.007084123137579179 475
1752783779916 0.025375571767427392 476
1752783780083 0.000663388746748572 477
1752783780257 0.00039179051215117454 478
1752783780434 0.01336546385451862 479
1752783780614 0.0064997086398667385 480
1752783780802 0.0037500736438979055 481
1752783780981 0.0025042213504267176 482
1752783781161 0.012026838311331514 483
1752783781335 0.007250423139824339 484
1752783781516 0.004022215170274987 485
1752783781688 0.001046601565241592 486
1752783781869 0.008080619595855534 487
1752783782047 0.02049591817176728 488
1752783782224 0.009170277617518229 489
1752783782406 0.0024265069951306993 490
1752783782601 0.002443597523187662 491
1752783782782 0.023398457171907087 492
1752783782964 0.0018808586520153605 493
1752783783159 0.013059623519125001 494
1752783783334 0.001563144540110903 495
1752783783514 0.01261704627059191 496
1752783783692 0.015367576455440879 497
1752783783870 0.010456409323191782 498
1752783784039 0.004258155349834917 499
1752783784209 0.0036166897362822675 500
1752783784390 0.013921392416491216 501
1752783784564 0.0009569497495057583 502
1752783784730 0.0010402896612178472 503
1752783784917 0.03301377143675996 504
1752783785101 0.015499863585183205 505
1752783785282 0.0033447969719206734 506
1752783785443 2.9017476365924724e-05 507
1752783785623 0.0016339590397949906 508
1752783785794 0.007623508524446183 509
1752783785964 0.004344300834324201 510
1752783786153 0.009101937748280654 511
1752783786329 0.012042564292598137 512
1752783786511 0.0049109640246259665 513
1752783786691 0.00578185297251226 514
1752783786859 0.007076585877796695 515
1752783787043 0.017052191517621617 516
1752783787224 0.004058764486664099 517
1752783787408 0.011458437732986779 518
1752783787568 0.015944094617015254 519
1752783787742 0.00421461257264007 520
1752783787922 0.002577745833083579 521
1752783788099 0.0035225944287150357 522
1752783788263 0.002391991515255696 523
1752783788429 0.0020674236790634752 524
1752783788612 0.0018555912702403871 525
1752783788794 0.02854914132054473 526
1752783788982 0.01989576751541069 527
1752783789170 0.0067557499556526015 528
1752783789348 0.0018942580990054117 529
1752783789528 0.009101692192366832 530
1752783789717 0.019249171619246462 531
1752783789895 0.00021046454997604983 532
1752783790077 0.008188252945300794 533
1752783790259 0.007766523365010874 534
1752783790440 0.03303113059230076 535
1752783790622 0.0022556568492767466 536
1752783790805 0.041757881221247475 537
1752783790993 0.008024642566332976 538
1752783791180 0.007278092965729431 539
1752783791368 0.02020224379214942 540
1752783791564 0.008970657462416405 541
1752783791742 0.0014274641145945886 542
1752783791923 0.013932735308301367 543
1752783792098 0.0032976401027270076 544
1752783792279 0.010909764852006967 545
1752783792463 0.0043722270133184984 546
1752783792656 0.004533728418435289 547
1752783792830 0.014573999190455576 548
1752783793016 0.025635296463918867 549
1752783793181 0.005620560630055379 550
1752783793363 0.004103029635108816 551
1752783793529 0.0024894938036122724 552
1752783793697 0.0424659007927063 553
1752783793865 0.0008002840182872791 554
1752783794044 0.011799648608796816 555
1752783794215 0.002413908634935005 556
1752783794379 0.014455534290785017 557
1752783794553 0.03157552736031283 558
1752783794719 0.0056206008503916025 559
1752783794891 0.018112965020858306 560
1752783795075 0.01539522972583111 561
1752783795246 0.0056901381752300405 562
1752783795545 0.024852445178204837 563
1752783795718 0.02994428215340158 564
1752783795882 0.02726734573822919 565
1752783796061 0.011472866076191737 566
1752783796265 0.013819366653501003 567
1752783796434 0.015868870839454884 568
1752783796600 0.004779760461964465 569
1752783796783 0.007074890608051085 570
1752783796974 0.006851039842962305 571
1752783797148 0.015332579373837718 572
1752783797326 0.004966161808654886 573
1752783797511 0.009137346449912149 574
1752783797691 0.004715253771911292 575
1752783797871 0.001261976113464538 576
1752783798045 0.0379776704303855 577
1752783798213 0.008395254735626514 578
1752783798392 0.003266016574118696 579
1752783798573 0.003988657726791555 580
1752783798764 0.017907895002760122 581
1752783798940 0.010875921300040756 582
1752783799123 0.019602962115681657 583
1752783799304 0.010180983714109566 584
1752783799483 0.019327947964830856 585
1752783799661 0.00036154036504154846 586
1752783799844 8.549434682698506e-05 587
1752783800028 0.0022357057374567404 588
1752783800211 0.002135811112908265 589
1752783800391 0.02195671779302302 590
1752783800584 0.004046464802442746 591
1752783800767 0.0017734890458290986 592
1752783800948 0.003242873421247447 593
1752783801130 0.007510695136108073 594
1752783801312 0.005290036355573292 595
1752783801483 0.0022138867600604156 596
1752783801662 0.0004203505698197181 597
1752783801842 0.00023705654266543906 598
1752783802023 0.022611089233927465 599
1752783802198 0.0035616144302585153 600
1752783802386 0.0031155797498055317 601
1752783802564 0.005025889005579097 602
1752783802751 0.002706148634027139 603
1752783802931 0.005554830551591181 604
1752783803114 0.013536537782426278 605
1752783803299 0.013656304877454107 606
1752783803463 0.007999415160313808 607
1752783803635 0.0017738879290114772 608
1752783803812 0.004746836889382957 609
1752783803977 0.02985299939623331 610
1752783804167 0.0008401741262522481 611
1752783804343 0.0027590513030497366 612
1752783804523 0.0015344804374198254 613
1752783804693 0.0011433116194533664 614
1752783804867 0.0017842195522446709 615
1752783805052 0.033358716062904845 616
1752783805234 0.0029049619463871134 617
1752783805408 0.00017635103849754908 618
1752783805579 0.017500393559490006 619
1752783805764 0.005829011392359588 620
1752783805954 0.003242879641259635 621
1752783806131 0.002402483684106046 622
1752783806303 0.0029219804448654676 623
1752783806482 0.008153551558447327 624
1752783806666 0.020869183054593392 625
1752783806850 0.001330142726068193 626
1752783807034 0.004912806474383101 627
1752783807214 0.002149008110145079 628
1752783807388 0.003307649978431016 629
1752783807560 0.0041648490670735585 630
1752783807744 0.002079188997788776 631
1752783807923 0.002669779129707961 632
1752783808098 0.003943383494972627 633
1752783808280 0.001722517645207267 634
1752783808453 0.0013593368834557227 635
1752783808642 0.001260308254760577 636
1752783808840 0.030888760555671264 637
1752783809023 0.001662374820757331 638
1752783809195 0.002917536105254837 639
1752783809375 0.006585648691105656 640
1752783809563 0.0031750791825710077 641
1752783809735 0.016239351286388443 642
1752783809913 0.0023999577766971136 643
1752783810090 0.0033370994131753967 644
1752783810266 0.0003904009873733867 645
1752783810436 0.01649170879385943 646
1752783810624 0.0012081375318546805 647
1752783810807 0.004640928721583625 648
1752783810995 0.001938417729550942 649
1752783811183 0.01121050595777842 650
1752783811384 0.04232759304646011 651
1752783811556 0.003124381764114757 652
1752783811735 0.020877623433624933 653
1752783811914 5.0703046468380886e-05 654
1752783812102 0.011809728265739089 655
1752783812282 0.00197385572975512 656
1752783812473 0.019869053033410907 657
1752783812665 0.00022968331976350694 658
1752783812855 0.0016299081134950072 659
1752783813060 0.009868794042524583 660
1752783813244 0.002062162975435244 661
1752783813421 0.0180122549268599 662
1752783813595 0.032566466806368384 663
1752783813766 0.003797381776692486 664
1752783813943 0.009023693475151473 665
1752783814113 0.013067639452037608 666
1752783814275 0.009035007076879853 667
1752783814448 0.018496655509194448 668
1752783814618 0.016371742285972667 669
1752783814791 0.022815910418836474 670
1752783815045 0.0010101483605560256 671
1752783815227 0.00883694207631691 672
1752783815403 0.0060517574006906764 673
1752783815573 0.0056987330754617585 674
1752783815756 0.002256142335378943 675
1752783815929 0.0056105228827842595 676
1752783816099 0.0010019200546864905 677
1752783816271 0.011185541460927309 678
1752783816443 0.0134198515282267 679
1752783816625 0.0011550543926504263 680
1752783816821 0.008218498706692879 681
1752783816995 0.004690341630392711 682
1752783817174 0.00966883644765309 683
1752783817359 0.011035505912715446 684
1752783817535 0.010693642477531348 685
1752783817714 0.000577683755669694 686
1752783817885 0.0020597766788980104 687
1752783818060 0.003801902300705099 688
1752783818240 0.0008492957523283231 689
1752783818420 0.005742561016810154 690
1752783818619 0.0032455990543079384 691
1752783818803 0.008408347404482666 692
1752783818981 0.00027643976692507614 693
1752783819157 0.028245113641509546 694
1752783819331 0.01434744514266622 695
1752783819505 0.013097587328615847 696
1752783819684 0.01981080457307443 697
1752783819865 0.000588345754451813 698
1752783820044 0.022992862953856802 699
1752783820214 0.0042523541827057 700
1752783820404 0.012867646724825234 701
1752783820574 0.03133442681376419 702
1752783820758 0.0037822558861590966 703
1752783820924 0.004861171177553922 704
1752783821103 0.014997205789362436 705
1752783821274 0.007551282121112785 706
1752783821449 0.017693326962785808 707
1752783821633 0.004565450440034798 708
1752783821808 0.00028364019806155656 709
1752783821975 0.000505744033276063 710
1752783822161 0.007666776031723903 711
1752783822330 0.002373266796423665 712
1752783822509 0.02219845283842435 713
1752783822693 0.018109311247979806 714
1752783822868 0.0015103305208001342 715
1752783823053 0.003125746695147676 716
1752783823222 0.008748993365441767 717
1752783823394 0.014811098169645678 718
1752783823572 0.0016533552705505733 719
1752783823811 0.0026410147221594934 720
1752783824007 0.014130336161215553 721
1752783824193 0.010655949356012735 722
1752783824381 0.00920606262649972 723
1752783824568 0.005519046276125645 724
1752783824751 0.00745740568820559 725
1752783824938 0.03946307299069596 726
1752783825132 0.005050004932046389 727
1752783825302 0.013906183409933454 728
1752783825484 0.00729762607672759 729
1752783825658 0.0032881107178086566 730
1752783825859 0.014795522671993595 731
1752783826113 0.016005288683503552 732
1752783826289 0.0008689877847405983 733
1752783826458 0.002259832133673515 734
1752783826626 0.02461834946796174 735
1752783826788 0.03494578867808445 736
1752783826953 0.018883163539999956 737
1752783827121 0.03135249933709929 738
1752783827292 0.0002910118573714469 739
1752783827458 0.0037839300900784833 740
1752783827644 0.0013932630189540801 741
1752783827815 0.0016408804565326072 742
1752783827997 0.010979823306711692 743
1752783828178 0.00792475772286754 744
1752783828361 0.008328361616710404 745
1752783828549 0.01580476223613518 746
1752783828739 0.01705882466044663 747
1752783828923 0.001982390402803041 748
1752783829112 0.0030150842723728538 749
1752783829288 0.04162994890065554 750
1752783829479 0.005957345579985172 751
1752783829665 0.014487310844730242 752
1752783829845 0.012422333561162598 753
1752783830029 0.0014011966859478096 754
1752783830204 0.021968261499439628 755
1752783830383 0.009522565645761653 756
1752783830562 0.0003730251035864185 757
1752783830751 0.0006318510663781971 758
1752783830942 0.0028852421246479522 759
1752783831133 0.0405128425679941 760
1752783831331 0.010462471824255033 761
1752783831505 0.005014286647737383 762
1752783831696 0.008695967597649725 763
1752783831883 0.006755741312924057 764
1752783832074 0.0013714210341981916 765
1752783832253 0.011648555056313748 766
1752783832442 0.007409869282684617 767
1752783832633 0.004758920491513997 768
1752783832817 0.012209557763844461 769
1752783833005 0.05256321535796714 770
1752783833205 0.0004886698889641546 771
1752783833392 0.003989292049407205 772
1752783833571 0.00589605259335439 773
1752783833755 0.010877253306045167 774
1752783833944 0.0008266841714287963 775
1752783834113 0.0035154601678290577 776
1752783834300 0.004379561093689099 777
1752783834470 0.001674563760198629 778
1752783834652 0.011695114121582311 779
1752783834818 0.014206767233409747 780
1752783835038 0.0035646736867774908 781
1752783835230 0.0015220668054976452 782
1752783835448 0.024011485886911856 783
1752783835634 0.005987366121757289 784
1752783835819 0.0007568924721360279 785
1752783835992 0.02169628470754292 786
1752783836168 0.009623937459743066 787
1752783836344 0.004897908724704318 788
1752783836523 0.005764697740713649 789
1752783836695 0.017621875384353516 790
1752783836894 0.003630276585945978 791
1752783837073 0.006542127685230556 792
1752783837252 0.052023485612496596 793
1752783837435 0.01862655749773579 794
1752783837613 0.00533004063439659 795
1752783837794 0.009259948948014277 796
1752783837973 0.0010338185136949977 797
1752783838140 0.013331974702588328 798
1752783838311 0.013758137192619466 799
1752783838494 0.012166592370186326 800
1752783838686 0.013040933919579362 801
1752783838867 0.006223717971241878 802
1752783839052 0.006524204928291813 803
1752783839231 0.0036192888046783834 804
1752783839401 0.0013973175264675656 805
1752783839591 0.011598022038900811 806
1752783839763 0.005270277351157279 807
1752783839948 0.008083919701141565 808
1752783840116 0.0038885387415008746 809
1752783840297 0.012621963602332635 810
1752783840493 0.007645187217262563 811
1752783840678 0.0020117100880814275 812
1752783840858 0.002807196434260729 813
1752783841042 0.011613369964724255 814
1752783841221 0.013627366750264845 815
1752783841394 0.005676459523571693 816
1752783841574 0.005363291537779324 817
1752783841754 0.0017592689881146685 818
1752783841929 0.017240685418370733 819
1752783842105 0.011300520682999358 820
1752783842301 0.007330649941853399 821
1752783842472 0.012678488839945249 822
1752783842645 0.0013637293069162625 823
1752783842824 0.008717057630186003 824
1752783842995 0.002212688802287833 825
1752783843168 0.012440283358140708 826
1752783843339 0.007999540646482606 827
1752783843505 1.0021438973901543e-05 828
1752783843678 0.008392928205917655 829
1752783843855 0.0010252904463137248 830
1752783844045 0.004405667014236832 831
1752783844229 0.03082013018152241 832
1752783844404 0.016026597226438656 833
1752783844584 0.0043285581937414375 834
1752783844768 0.004803522568154233 835
1752783844946 0.0031446628286761354 836
1752783845118 0.021009068811568603 837
1752783845290 0.012449386088435151 838
1752783845475 0.013867057479285351 839
1752783845649 0.009563446094101032 840
1752783845843 0.008303537157542095 841
1752783846019 0.023519308666425258 842
1752783846192 0.028033197113809798 843
1752783846374 0.012302345862585669 844
1752783846584 0.02828856022388543 845
1752783846754 0.004539406043287546 846
1752783846923 0.0010190442318268116 847
1752783847097 8.216060778450427e-06 848
1752783847266 0.013008037049132913 849
1752783847451 0.01110772237627023 850
1752783847638 0.000320288767874021 851
1752783847814 0.009899498380205391 852
1752783847982 0.01796657869028733 853
1752783848162 0.011052826855834015 854
1752783848337 0.0034185495913564637 855
1752783848515 0.0013147404465209686 856
1752783848694 0.000658746978559211 857
1752783848873 0.0019109750729952837 858
1752783849049 0.002510202673850836 859
1752783849220 0.00649498882231259 860
1752783849410 0.0033602524469897132 861
1752783849592 5.8153551282426105e-05 862
1752783849767 0.006241373107567765 863
1752783849948 0.0005618252499955377 864
1752783850119 0.001792597833874985 865
1752783850298 0.0006489246627540748 866
1752783850467 0.004888812370417291 867
1752783850648 0.007882802302444715 868
1752783850826 0.015421163221965815 869
1752783851011 0.0047649188621987386 870
1752783851213 0.012828661469856725 871
1752783851394 0.0001359657007968174 872
1752783851578 0.0026641642240322993 873
1752783851782 0.015807077849342425 874
1752783851982 0.008705859244616894 875
1752783852175 0.0007646197088313336 876
1752783852343 0.017297666216236202 877
1752783852520 0.0032132585135221116 878
1752783852692 0.0036115071515868424 879
1752783852861 0.04004099748871382 880
1752783853045 0.043805522377364924 881
1752783853217 0.0016077170719418063 882
1752783853389 0.0015641634171529913 883
1752783853558 0.0027558379486264323 884
1752783853734 0.0035960518244101897 885
1752783853923 0.0052711679276656745 886
1752783854110 0.012287073509823205 887
1752783854288 0.022483950336935704 888
1752783854466 0.0012632668336876017 889
1752783854650 0.01495360281715204 890
1752783854851 0.0026006479861282873 891
1752783855041 0.0031229242292826636 892
1752783855218 0.03246163554107296 893
1752783855403 0.0032058161195687492 894
1752783855627 0.0021116505260206715 895
1752783855806 0.0009787996718269288 896
1752783855977 0.0019486898593023283 897
1752783856148 0.0019793070281824317 898
1752783856319 0.030816810171338884 899
1752783856492 0.020812782164761373 900
1752783856719 0.003252941015437466 901
1752783856888 0.006177805405783388 902
1752783857065 0.005675513070373153 903
1752783857240 0.0005092014888190361 904
1752783857414 0.00544461938265572 905
1752783857598 0.016997409940553248 906
1752783857774 0.0059173780080008015 907
1752783857958 0.011191543519307094 908
1752783858139 0.0011545052368954743 909
1752783858330 0.0005299428111399219 910
1752783858521 0.015588995123017278 911
1752783858691 0.0013579752387767763 912
1752783858866 0.002556794553779888 913
1752783859051 0.0038392627410930497 914
1752783859246 0.012246255911951817 915
1752783859438 0.005315080226373848 916
1752783859637 0.011219207345056426 917
1752783859816 0.0016258176143486736 918
1752783859997 0.005107435420853259 919
1752783860177 0.00428056230832054 920
1752783860377 0.04153768124075803 921
1752783860563 0.001327495032516841 922
1752783860751 0.023744069445182005 923
1752783860932 0.01542383097662832 924
1752783861114 0.02113440557267234 925
1752783861298 0.00456834657198059 926
1752783861483 0.00517087407259232 927
1752783861668 0.0048067545702984325 928
1752783861849 0.014025326300256435 929
1752783862035 0.0029903938805781326 930
1752783862233 0.008336438115730106 931
1752783862418 0.0015192883575847807 932
1752783862603 0.041000029277132546 933
1752783862792 0.013579834704377607 934
1752783862976 0.00399670993478379 935
1752783863167 0.0028596120963987103 936
1752783863352 0.025399647186935416 937
1752783863534 0.02807239208705757 938
1752783863705 0.00690282190188449 939
1752783863883 0.003217360459376339 940
1752783864087 0.0033418519053228517 941
1752783864260 0.005533168437158959 942
1752783864450 0.00032557895636094576 943
1752783864626 0.0076808590733140275 944
1752783864809 0.0018212945941393432 945
1752783864992 0.02158699169565172 946
1752783865183 0.03062008340712328 947
1752783865362 0.004732621701725292 948
1752783865545 0.007308762686273736 949
1752783865723 0.011596833287043565 950
1752783865920 0.054905135999614774 951
1752783866095 0.03286960707435277 952
1752783866267 0.0006704116153695022 953
1752783866443 0.016983274073883906 954
1752783866644 0.0037648511600318385 955
1752783866844 0.0120469112760739 956
1752783867024 0.005458881542983869 957
1752783867203 0.012275844435236024 958
1752783867382 0.034617751599369716 959
1752783867630 0.03382147703379344 960
1752783867846 0.009851663609689436 961
1752783868029 0.006452911595147166 962
1752783868209 0.0068603187651131445 963
1752783868392 0.002110544205885804 964
1752783868568 0.0015701659269846838 965
1752783868750 0.00463972970071522 966
1752783868925 0.009991516888480566 967
1752783869107 0.0006475485250221886 968
1752783869293 0.001209455838940195 969
1752783869524 0.0019232725143290444 970
1752783869732 0.006731424680091746 971
1752783869913 0.010040735869301615 972
1752783870097 0.00022330326396606445 973
1752783870279 0.007547140955840326 974
1752783870461 0.016019669423086726 975
1752783870658 0.0383177267995503 976
1752783870845 0.0021435025848589597 977
1752783871037 0.008607777504970562 978
1752783871230 0.002387694821554362 979
1752783871423 0.0006205845219550249 980
1752783871624 0.02867751751640189 981
1752783871807 0.004611905718203794 982
1752783872000 0.0048886401533928606 983
1752783872185 0.016476325732804713 984
1752783872374 0.004882797897409767 985
1752783872561 0.0338683659153635 986
1752783872755 0.01654631378853804 987
1752783872948 0.002074974242030499 988
1752783873138 0.009061306567374918 989
1752783873328 0.0003133061153248653 990
1752783873527 0.0025372581727365847 991
1752783873719 0.0007406230906918782 992
1752783873909 0.0017604875618991262 993
1752783874096 0.00979517688145965 994
1752783874281 0.014135259688447149 995
1752783874464 0.004972767632828082 996
1752783874657 0.0026366088870628072 997
1752783874851 0.015110747843494119 998
1752783875045 0.027904977692070718 999
