1752783696810 0.16973211402891542 0
1752783696989 0.26644692118223795 1
1752783697160 0.4204542003172217 2
1752783697336 0.45922816192484517 3
1752783697512 0.4473580574742896 4
1752783697680 0.3415680457471544 5
1752783697852 0.20001454324930107 6
1752783698025 0.4707274961401405 7
1752783698200 0.26373615626725183 8
1752783698372 0.3743527210471774 9
1752783698547 0.1829585957844289 10
1752783698728 0.4136983682899643 11
1752783698896 0.3087143053991444 12
1752783699072 0.43138537918003683 13
1752783699244 0.13924621459548456 14
1752783699410 0.1491892533551001 15
1752783699574 0.4974648976490754 16
1752783699744 0.4846692840922244 17
1752783699915 0.4357166049380697 18
1752783700091 0.2859467337180481 19
1752783700267 0.16112440331513778 20
1752783700446 0.3558186103207696 21
1752783700618 0.2751026814572566 22
1752783700788 0.37611504522210387 23
1752783700955 0.21148886192849214 24
1752783701131 0.2311722824324186 25
1752783701304 0.3092762493613779 26
1752783701473 0.3757797065993369 27
1752783701645 0.3848760295926977 28
1752783701819 0.12639968358268724 29
1752783701995 0.2655121131849412 30
1752783702158 0.3298122192143341 31
1752783702332 0.400672011779291 32
1752783702502 0.42138768952808847 33
1752783702696 0.22903348768136214 34
1752783702867 0.13379475545240024 35
1752783703035 0.4782217266916604 36
1752783703208 0.36089512441245974 37
1752783703380 0.1326993072448823 38
1752783703554 0.17477234162283609 39
1752783703727 0.16222363100493184 40
1752783703895 0.2835232003132222 41
1752783704065 0.14094770389367992 42
1752783704238 0.20133612614204 43
1752783704408 0.27507123946612666 44
1752783704581 0.34919980875817047 45
1752783704755 0.1602232543262384 46
1752783704931 0.2131432945116213 47
1752783705104 0.2322439225216249 48
1752783705274 0.32402066871746243 49
1752783705440 0.3021876504146405 50
1752783705615 0.1504772186181325 51
1752783705779 0.47368531473640146 52
1752783705946 0.29455785102412996 53
1752783706118 0.4503096445888837 54
1752783706289 0.4260102070433367 55
1752783706461 0.30871464243816227 56
1752783706625 0.48827455819051035 57
1752783706804 0.21321301014592786 58
1752783706975 0.399349894115433 59
1752783707150 0.26133763457687487 60
1752783707320 0.20402198455888404 61
1752783707493 0.3961952681114021 62
1752783707667 0.18388181882895124 63
1752783707840 0.3130630627156676 64
1752783708011 0.30253608158971607 65
1752783708191 0.36646356413023545 66
1752783708358 0.4474212534950397 67
1752783708530 0.4012228552495041 68
1752783708704 0.3821873170679988 69
1752783708871 0.2900469933009936 70
1752783709050 0.3287819277700774 71
1752783709224 0.2972678894347667 72
1752783709390 0.21629159548192126 73
1752783709554 0.46363909197916253 74
1752783709723 0.380253918757951 75
1752783709891 0.27147840271362045 76
1752783710063 0.392030286116969 77
1752783710240 0.3777634897787529 78
1752783710409 0.45223063962535504 79
1752783710584 0.3086610181529563 80
1752783710755 0.21738363221081136 81
1752783710930 0.45760849810397775 82
1752783711105 0.41878738875172195 83
1752783711281 0.44420794501839 84
1752783711453 0.283608406730347 85
1752783711629 0.4518691888638835 86
1752783711801 0.2796507284643168 87
1752783711973 0.45498338474911304 88
1752783712144 0.25557119662325384 89
1752783712314 0.2636797504651513 90
1752783712493 0.18683261220162237 91
1752783712668 0.4086076166440441 92
1752783712842 0.31351750433937703 93
1752783713018 0.409879569996209 94
1752783713179 0.4745151705952346 95
1752783713348 0.3634779488512209 96
1752783713523 0.214809582990983 97
1752783713688 0.2814980499126315 98
1752783713859 0.3636807260471723 99
1752783714033 0.2834416927388849 100
1752783714206 0.1346924472405112 101
1752783714378 0.3912046743711269 102
1752783714555 0.31821314210038454 103
1752783714730 0.4440229354030723 104
1752783714904 0.3296062700796931 105
1752783715080 0.3003445059123337 106
1752783715243 0.16021163199001953 107
1752783715411 0.1663434097751395 108
1752783715579 0.47253711116761987 109
1752783715754 0.467300511801317 110
1752783715929 0.10212329726897754 111
1752783716103 0.250061623826022 112
1752783716274 0.12359623259521615 113
1752783716447 0.32647325515336395 114
1752783716621 0.20642150673869353 115
1752783716795 0.18192840586821243 116
1752783716972 0.3649479983091468 117
1752783717145 0.19936518916349005 118
1752783717320 0.44796033943887315 119
1752783717481 0.3414325916915257 120
1752783717673 0.4174051485555736 121
1752783717835 0.31030676727307827 122
1752783718008 0.10960685957877742 123
1752783718179 0.23366280530306094 124
1752783718354 0.17901186585048814 125
1752783718531 0.22989573600184268 126
1752783718709 0.3722199159320555 127
1752783718883 0.39103715153650304 128
1752783719058 0.33387192028861806 129
1752783719232 0.3375044325454015 130
1752783719403 0.4050698993148037 131
1752783719574 0.48995703352045156 132
1752783719747 0.29700971352259864 133
1752783719910 0.45950841290268724 134
1752783720084 0.34807670641525124 135
1752783720257 0.26338182272447613 136
1752783720430 0.45563921154129305 137
1752783720609 0.44588323705268884 138
1752783720786 0.4784815107958897 139
1752783720963 0.2570773009817737 140
1752783721145 0.49468783352795714 141
1752783721319 0.16866521315418093 142
1752783721492 0.3967876457366375 143
1752783721665 0.22302071383377628 144
1752783721839 0.12554599324098614 145
1752783722012 0.45439654969997323 146
1752783722188 0.4552622756663555 147
1752783722362 0.43158956902119244 148
1752783722532 0.26073221536160707 149
1752783722707 0.4391785732858484 150
1752783722886 0.26587721579622997 151
1752783723062 0.1599899251855669 152
1752783723240 0.4794088408703784 153
1752783723410 0.250845035101632 154
1752783723579 0.373655334147055 155
1752783723754 0.3780645968829727 156
1752783723924 0.17433805278904774 157
1752783724098 0.20282727591162317 158
1752783724273 0.22891132138088488 159
1752783724447 0.38172643520897953 160
1752783724630 0.35765274606184205 161
1752783724797 0.4903063868959511 162
1752783724974 0.30634980519529903 163
1752783725133 0.4210536044542734 164
1752783725391 0.20300930019973817 165
1752783725553 0.17311846991370997 166
1752783725718 0.31044799577191884 167
1752783725881 0.22810308929649892 168
1752783726057 0.16914699533931118 169
1752783726231 0.23618268474950949 170
1752783726452 0.48033607268958944 171
1752783726627 0.2860875581111591 172
1752783726782 0.48039002438855594 173
1752783726937 0.4541099921181438 174
1752783727100 0.137808221537685 175
1752783727266 0.47524903938797997 176
1752783727441 0.4365983190724269 177
1752783727613 0.23854020346560523 178
1752783727783 0.2171375788109493 179
1752783727955 0.4899711160491449 180
1752783728128 0.27218391525938296 181
1752783728327 0.3430972709498621 182
1752783728493 0.210369471333004 183
1752783728651 0.48448688920801586 184
1752783728824 0.12477531110553178 185
1752783728991 0.41980953809066457 186
1752783729162 0.11865175815788441 187
1752783729328 0.169511116558151 188
1752783729494 0.29791669364964324 189
1752783729658 0.477903783108464 190
1752783729841 0.31398179550035543 191
1752783730010 0.17650007390619252 192
1752783730182 0.36029102326780305 193
1752783730361 0.19649661881689373 194
1752783730527 0.2974359774366383 195
1752783730682 0.18914182817383296 196
1752783730839 0.1523906681861973 197
1752783730998 0.3592193858469175 198
1752783731167 0.42540991362702024 199
1752783731342 0.12668310601710658 200
1752783731523 0.11927911600376767 201
1752783731684 0.38655126290525305 202
1752783731850 0.13874965404921333 203
1752783732018 0.2491137837563822 204
1752783732186 0.4188702501940484 205
1752783732354 0.39381999199711615 206
1752783732530 0.2782379668392078 207
1752783732694 0.33307891419165025 208
1752783732864 0.39560356136758595 209
1752783733070 0.3609584861438657 210
1752783733313 0.3559167884284549 211
1752783733505 0.2089507511915265 212
1752783733665 0.4815268975657718 213
1752783733832 0.17259129547554908 214
1752783733994 0.4514469201874607 215
1752783734182 0.3591097370469186 216
1752783734361 0.2828707666991925 217
1752783734539 0.29374060737664975 218
1752783734722 0.21525121556818677 219
1752783734903 0.3322466479556865 220
1752783735232 0.11651800045117233 221
1752783735410 0.35924322057126884 222
1752783735598 0.13365563769939365 223
1752783735760 0.35449906282344923 224
1752783735924 0.10951185211780179 225
1752783736105 0.35176448030092744 226
1752783736276 0.46559868175420194 227
1752783736446 0.3683986877054881 228
1752783736614 0.38326801329578053 229
1752783736786 0.3063586881605052 230
1752783736954 0.23429051462014466 231
1752783737124 0.34640703023027625 232
1752783737297 0.3051992435411893 233
1752783737473 0.20301893878197516 234
1752783737649 0.41582417434653296 235
1752783737815 0.37455727610662815 236
1752783737989 0.1334449289726337 237
1752783738154 0.4054831612866757 238
1752783738318 0.18863993672684576 239
1752783738482 0.18749904443103885 240
1752783738652 0.27594536629826194 241
1752783738821 0.3108869483750417 242
1752783738994 0.4307361585154679 243
1752783739168 0.372933447530888 244
1752783739342 0.13436940947989054 245
1752783739522 0.3343602868535599 246
1752783739695 0.1282538126234951 247
1752783739870 0.4550879057783259 248
1752783740037 0.31120823549840915 249
1752783740205 0.33894508800993983 250
1752783740375 0.43920485015822014 251
1752783740534 0.3256597268011777 252
1752783740698 0.12513114044491044 253
1752783740862 0.37674637576264053 254
1752783741038 0.33394472471024544 255
1752783741204 0.2941894303016796 256
1752783741379 0.3729020619540647 257
1752783741542 0.4488648157884445 258
1752783741708 0.32675475319575464 259
1752783741873 0.13484067125113133 260
1752783742050 0.49216246147964965 261
1752783742221 0.11018445684524769 262
1752783742386 0.3855735905226053 263
1752783742558 0.2794198282639846 264
1752783742742 0.48146510470913245 265
1752783742925 0.4458875016199788 266
1752783743094 0.3151158919636447 267
1752783743272 0.3530495575167392 268
1752783743434 0.4173386595390547 269
1752783743611 0.3903588130727158 270
1752783743792 0.1262927247382562 271
1752783743965 0.4039495849607793 272
1752783744133 0.2970332996601754 273
1752783744305 0.4309461971910214 274
1752783744485 0.418149710767716 275
1752783744668 0.47495772899072664 276
1752783744835 0.2653085333297631 277
1752783744995 0.395902602442037 278
1752783745159 0.22333458733766698 279
1752783745324 0.4398838709924204 280
1752783745491 0.2857686003191249 281
1752783745665 0.30831172579192845 282
1752783745821 0.4179327034877395 283
1752783745978 0.39565595094222855 284
1752783746136 0.3730791048115809 285
1752783746290 0.18594230281288082 286
1752783746443 0.3098629336137846 287
1752783746605 0.29853280561095846 288
1752783746772 0.2671529340007978 289
1752783746953 0.4853297774741682 290
1752783747140 0.4131897919850128 291
1752783747324 0.28641763693756833 292
1752783747500 0.10459639240965486 293
1752783747677 0.3957228681832641 294
1752783747855 0.22020848730998607 295
1752783748031 0.1769320933900322 296
1752783748213 0.14558113345484625 297
1752783748392 0.21687510607043947 298
1752783748564 0.19113522002656744 299
1752783748739 0.1815379941538462 300
1752783748924 0.18303243644869177 301
1752783749104 0.4659396600305356 302
1752783749282 0.17381061874749193 303
1752783749463 0.3259323679443431 304
1752783749632 0.4105518578386838 305
1752783749816 0.4847999322883476 306
1752783749979 0.39053570608944665 307
1752783750154 0.23983241809367437 308
1752783750326 0.372320148952807 309
1752783750515 0.255431467923856 310
1752783750694 0.4540411907801995 311
1752783750868 0.3096273494239661 312
1752783751034 0.22059497723548582 313
1752783751194 0.47632304156148914 314
1752783751360 0.18896364384955555 315
1752783751540 0.44864899077538234 316
1752783751709 0.4828622829933248 317
1752783751888 0.12138726077887814 318
1752783752060 0.2189242422995859 319
1752783752245 0.336298154289192 320
1752783752429 0.14560067120668196 321
1752783752604 0.32368596670555105 322
1752783752783 0.23375361418213744 323
1752783752966 0.11868575449683144 324
1752783753157 0.32085023631863585 325
1752783753337 0.3367154792131788 326
1752783753496 0.1735707481882475 327
1752783753668 0.49121478892009796 328
1752783753856 0.1811367015814748 329
1752783754034 0.3862950853424636 330
1752783754218 0.11738405351687825 331
1752783754399 0.30487351327274237 332
1752783754572 0.24025733335931143 333
1752783754744 0.3924431659104188 334
1752783754911 0.3796277699478778 335
1752783755074 0.26089457927529497 336
1752783755238 0.3176950506051343 337
1752783755400 0.16168456798841668 338
1752783755570 0.23574950996855498 339
1752783755741 0.2963092598738025 340
1752783755922 0.13769788265077426 341
1752783756092 0.27142574199039005 342
1752783756270 0.12121460690392993 343
1752783756440 0.10514699636666124 344
1752783756608 0.13377247059917458 345
1752783756777 0.31470282149330997 346
1752783756946 0.27313436157076526 347
1752783757111 0.26326692091529785 348
1752783757309 0.12774454026548843 349
1752783757475 0.15249843422091552 350
1752783757648 0.12584993554733312 351
1752783757822 0.14723866138781092 352
1752783757988 0.44464140137169983 353
1752783758170 0.38504226593740454 354
1752783758349 0.296017173195342 355
1752783758531 0.16837248346221614 356
1752783758712 0.2388331530349345 357
1752783758893 0.2853339927216206 358
1752783759076 0.24891529712022034 359
1752783759238 0.1059956753704086 360
1752783759415 0.44623467611198375 361
1752783759580 0.4684963091511329 362
1752783759744 0.47611036926394734 363
1752783759910 0.437488274374185 364
1752783760084 0.29097370628599484 365
1752783760247 0.4222895948296803 366
1752783760423 0.10765542556470145 367
1752783760612 0.23450088832172322 368
1752783760790 0.3420370766466854 369
1752783760975 0.10687168058230241 370
1752783761170 0.2018536926772701 371
1752783761350 0.45651748569405187 372
1752783761523 0.30924518227923964 373
1752783761706 0.452035550775892 374
1752783761884 0.46831786370634476 375
1752783762062 0.37667726005426894 376
1752783762245 0.3906558599937923 377
1752783762425 0.4574324360932284 378
1752783762609 0.4786057216016699 379
1752783762792 0.3553856894533673 380
1752783762961 0.31715764695795345 381
1752783763118 0.47029586016186625 382
1752783763302 0.47100093052753705 383
1752783763483 0.17166507850780388 384
1752783763663 0.20176853450108176 385
1752783763845 0.4523536715834021 386
1752783764023 0.33447088428402805 387
1752783764205 0.11081395005975479 388
1752783764384 0.3942829467727355 389
1752783764565 0.396100443614571 390
1752783764759 0.3010629937101082 391
1752783764942 0.25432696775065783 392
1752783765113 0.2897644164939022 393
1752783765293 0.14133829072019402 394
1752783765464 0.393273682495213 395
1752783765630 0.329550451591307 396
1752783765799 0.47376866207740836 397
1752783765970 0.21788727180369 398
1752783766149 0.4047146970466254 399
1752783766313 0.45617352656998655 400
1752783766512 0.4866358016903212 401
1752783766697 0.2517607784469951 402
1752783766883 0.22206988991475726 403
1752783767061 0.2660656739396877 404
1752783767244 0.15953449227475236 405
1752783767426 0.2520338183411515 406
1752783767591 0.32818322503872 407
1752783767769 0.33685732250908873 408
1752783767949 0.1022643578777251 409
1752783768125 0.40188897784362965 410
1752783768312 0.23939807677034863 411
1752783768501 0.29798451791383085 412
1752783768683 0.36623602522026494 413
1752783768864 0.23295390907078484 414
1752783769027 0.42901345599882923 415
1752783769189 0.3252869201602246 416
1752783769374 0.20930791259427522 417
1752783769546 0.3193498026447122 418
1752783769725 0.10740832536885181 419
1752783769909 0.24730473345591153 420
1752783770102 0.4648754747910715 421
1752783770282 0.3407664013112639 422
1752783770461 0.2692515093652811 423
1752783770647 0.422835688687907 424
1752783770825 0.1871102982982977 425
1752783770998 0.4785089258159354 426
1752783771166 0.215846595190479 427
1752783771347 0.2997852385693036 428
1752783771517 0.20879566810627917 429
1752783771696 0.3170870813535589 430
1752783771897 0.4967923238828711 431
1752783772068 0.29547498575173997 432
1752783772244 0.24186850599232038 433
1752783772424 0.4140190683440029 434
1752783772605 0.12836752884976455 435
1752783772784 0.19337166606464354 436
1752783772966 0.30207996707815704 437
1752783773146 0.22126112084451643 438
1752783773322 0.24723894745100022 439
1752783773494 0.44127510699290556 440
1752783773689 0.4214150452140297 441
1752783773873 0.11151707515915264 442
1752783774050 0.12741052414453505 443
1752783774217 0.28328234768710064 444
1752783774395 0.36397726995318713 445
1752783774578 0.12340483324734497 446
1752783774761 0.33046833364209505 447
1752783774944 0.11871072200274435 448
1752783775119 0.13198899967479485 449
1752783775302 0.4316723926262842 450
1752783775474 0.4795867898764945 451
1752783775647 0.26075288778324024 452
1752783775829 0.12888655999700807 453
1752783776012 0.41897215177184544 454
1752783776186 0.47289255434172134 455
1752783776368 0.11166880978607724 456
1752783776548 0.21207646215375453 457
1752783776726 0.20094458782516222 458
1752783776901 0.2925767415433874 459
1752783777080 0.11782037911011534 460
1752783777280 0.2764189120908072 461
1752783777454 0.3946537203299865 462
1752783777629 0.11201866176711009 463
1752783777805 0.23799672045411802 464
1752783777972 0.15144974789323173 465
1752783778146 0.44843229402594487 466
1752783778326 0.22839068432020304 467
1752783778495 0.1573529454587641 468
1752783778677 0.32261463322393685 469
1752783778854 0.3174031017900423 470
1752783779031 0.18234525116302863 471
1752783779198 0.3702552162421402 472
1752783779379 0.11395035592641474 473
1752783779557 0.41784300790619033 474
1752783779740 0.13371597050349182 475
1752783779916 0.4174456078887949 476
1752783780083 0.46261985311409565 477
1752783780257 0.30016235015128634 478
1752783780434 0.38091474203339226 479
1752783780614 0.32474339769960037 480
1752783780802 0.13669095270439122 481
1752783780981 0.35826527338689723 482
1752783781161 0.3743773061254528 483
1752783781335 0.25661940094182734 484
1752783781516 0.4387669006192522 485
1752783781688 0.37110962625946536 486
1752783781869 0.17879658710227028 487
1752783782047 0.23688042892950092 488
1752783782224 0.2452847627807523 489
1752783782406 0.3270835757495172 490
1752783782601 0.15677165018446726 491
1752783782782 0.33212928877395365 492
1752783782964 0.3861476164910354 493
1752783783159 0.2919431122708049 494
1752783783334 0.11179460178918488 495
1752783783514 0.11367967441216886 496
1752783783692 0.280209986063049 497
1752783783870 0.3468885192301876 498
1752783784039 0.16748210443225547 499
1752783784209 0.378331750659112 500
1752783784390 0.21107014118420173 501
1752783784564 0.2985281408503856 502
1752783784730 0.4092776786741711 503
1752783784917 0.4217389272241328 504
1752783785101 0.3043369201780503 505
1752783785282 0.2399409522298156 506
1752783785443 0.15818659798089574 507
1752783785623 0.1077472654959577 508
1752783785794 0.20262174349076778 509
1752783785964 0.15835969155953739 510
1752783786153 0.3056217446882178 511
1752783786329 0.2947578357700837 512
1752783786511 0.19303443677845122 513
1752783786691 0.28937943220920326 514
1752783786859 0.20473553701542835 515
1752783787043 0.39280491915866694 516
1752783787224 0.4360384185097248 517
1752783787408 0.3607617545168754 518
1752783787568 0.37907922375112296 519
1752783787742 0.1158645873415197 520
1752783787922 0.48964577684469957 521
1752783788099 0.11350987334375323 522
1752783788263 0.15758764716997986 523
1752783788429 0.19829380169487607 524
1752783788612 0.12670975032241358 525
1752783788794 0.33292411991341153 526
1752783788982 0.4841304022234251 527
1752783789170 0.4045656780965226 528
1752783789348 0.4224453597318785 529
1752783789528 0.3037218430395467 530
1752783789717 0.3135167268642505 531
1752783789895 0.20463836117517165 532
1752783790077 0.48506537715329295 533
1752783790259 0.22607564666897614 534
1752783790440 0.21220379139281192 535
1752783790622 0.42759106639075445 536
1752783790805 0.41419230076025726 537
1752783790993 0.1779307231982133 538
1752783791180 0.3121521973282189 539
1752783791368 0.2053195040399567 540
1752783791564 0.1775874338640454 541
1752783791742 0.32583711037366436 542
1752783791923 0.4082839198372035 543
1752783792098 0.37838914842190957 544
1752783792279 0.35138613038829714 545
1752783792463 0.18317258204167272 546
1752783792656 0.14816209545960943 547
1752783792830 0.4335576599753876 548
1752783793016 0.15392535114033776 549
1752783793181 0.4910155593155549 550
1752783793363 0.32717931457887856 551
1752783793529 0.10568117281561934 552
1752783793697 0.23348426267811628 553
1752783793865 0.4258420739443206 554
1752783794044 0.1277448322405661 555
1752783794215 0.24841858288825946 556
1752783794379 0.3757319620146984 557
1752783794553 0.3793964670135621 558
1752783794719 0.4416643058944487 559
1752783794891 0.33705423605655926 560
1752783795075 0.37578622358054214 561
1752783795246 0.24653703231765034 562
1752783795545 0.12674012915963537 563
1752783795718 0.18957560523995484 564
1752783795882 0.12416280133607907 565
1752783796061 0.2862862571680619 566
1752783796265 0.1823998012930826 567
1752783796434 0.4782649229798578 568
1752783796600 0.29079377717828664 569
1752783796783 0.15661634449798956 570
1752783796974 0.3881343744777966 571
1752783797148 0.2257317936906322 572
1752783797326 0.3162021026747276 573
1752783797511 0.4818404327887708 574
1752783797691 0.33111147071781805 575
1752783797871 0.2619015796629521 576
1752783798045 0.14232723071468004 577
1752783798213 0.12334816261842688 578
1752783798392 0.2197277141592224 579
1752783798573 0.40572106426677 580
1752783798764 0.1613450932031192 581
1752783798940 0.1672301731793515 582
1752783799123 0.20432446099527346 583
1752783799304 0.36846025743525146 584
1752783799483 0.45693086634137997 585
1752783799661 0.4952641942582119 586
1752783799844 0.2311928570292779 587
1752783800028 0.1907986879205792 588
1752783800211 0.4160710215472539 589
1752783800391 0.3828659790874818 590
1752783800584 0.39997115758261265 591
1752783800767 0.4556386441633007 592
1752783800948 0.3248278783795184 593
1752783801130 0.3165188697268849 594
1752783801312 0.27598043791609667 595
1752783801483 0.34604476056658845 596
1752783801662 0.1021477317634894 597
1752783801842 0.47343940275634 598
1752783802023 0.36025334930595126 599
1752783802198 0.46269182399619635 600
1752783802386 0.2759289823468757 601
1752783802564 0.36723589874181795 602
1752783802751 0.1703137199766588 603
1752783802931 0.3480067787962544 604
1752783803114 0.1855430860576735 605
1752783803299 0.11526469784858065 606
1752783803463 0.3865081822568044 607
1752783803635 0.4917128570656785 608
1752783803812 0.19547140836127075 609
1752783803977 0.34639543095296965 610
1752783804167 0.13627030677037127 611
1752783804343 0.19343637897724877 612
1752783804523 0.23574859784849314 613
1752783804693 0.4157164459710059 614
1752783804867 0.18150824073684727 615
1752783805052 0.25763548858140134 616
1752783805234 0.29118023494913853 617
1752783805408 0.4482205186981457 618
1752783805579 0.21416448747999303 619
1752783805764 0.4629675727148897 620
1752783805954 0.15674036034874872 621
1752783806131 0.2801360788997903 622
1752783806303 0.1882065530747375 623
1752783806482 0.4705207623354778 624
1752783806666 0.3115562897213404 625
1752783806850 0.2740765110032253 626
1752783807034 0.23250182243364415 627
1752783807214 0.35434775733873725 628
1752783807388 0.48944290087784814 629
1752783807560 0.46067627563311575 630
1752783807744 0.13449907210014184 631
1752783807923 0.3029748045399832 632
1752783808098 0.11718811390074829 633
1752783808280 0.22525558520985803 634
1752783808453 0.3201528440232748 635
1752783808642 0.17273048093359655 636
1752783808840 0.11295407255824044 637
1752783809023 0.19090847360382635 638
1752783809195 0.2665198122660838 639
1752783809375 0.18376822955593167 640
1752783809563 0.301634429392689 641
1752783809735 0.14065508442298738 642
1752783809913 0.44350190014794194 643
1752783810090 0.38692504576681525 644
1752783810266 0.41931146099117517 645
1752783810436 0.4500570525723079 646
1752783810624 0.3771532893074865 647
1752783810807 0.27401670214963847 648
1752783810995 0.3277440209848728 649
1752783811183 0.39025038821112756 650
1752783811384 0.15867949476054202 651
1752783811556 0.46061920143566115 652
1752783811735 0.4598823404798648 653
1752783811914 0.49038933551710495 654
1752783812102 0.2581193641792326 655
1752783812282 0.2699579935052436 656
1752783812473 0.49225612364858434 657
1752783812665 0.40157734607823 658
1752783812855 0.3196261084142585 659
1752783813060 0.38221238513008504 660
1752783813244 0.14558589401962138 661
1752783813421 0.16796604516082925 662
1752783813595 0.39066036642177826 663
1752783813766 0.48686271536513787 664
1752783813943 0.3088436997846414 665
1752783814113 0.43157868594625637 666
1752783814275 0.43421906154888124 667
1752783814448 0.47778316411346194 668
1752783814618 0.21381578567802273 669
1752783814791 0.3631114287397866 670
1752783815045 0.3693321197898419 671
1752783815227 0.12152838276220268 672
1752783815403 0.1350931942076603 673
1752783815573 0.1299293503005511 674
1752783815756 0.38652132591868804 675
1752783815929 0.4417120357121148 676
1752783816099 0.1554149420048686 677
1752783816271 0.41666544135345096 678
1752783816443 0.47389842420660966 679
1752783816625 0.4104840464242301 680
1752783816821 0.2530841326233637 681
1752783816995 0.36211898295250383 682
1752783817174 0.48475943455534254 683
1752783817359 0.4565359065792896 684
1752783817535 0.33224672332300315 685
1752783817714 0.10048937299585199 686
1752783817885 0.3365661590347159 687
1752783818060 0.3822468338859843 688
1752783818240 0.31745493765915933 689
1752783818420 0.41706053292122125 690
1752783818619 0.23855414283573487 691
1752783818803 0.3080284337674801 692
1752783818981 0.1489656900424611 693
1752783819157 0.4453422636415294 694
1752783819331 0.19376777935382813 695
1752783819505 0.460133875686174 696
1752783819684 0.44573409534100533 697
1752783819865 0.2752228047875413 698
1752783820044 0.3377417771202551 699
1752783820214 0.3699804794558929 700
1752783820404 0.13184816656476778 701
1752783820574 0.3795540998963898 702
1752783820758 0.3811004606327698 703
1752783820924 0.15991037079872342 704
1752783821103 0.3654855517499622 705
1752783821274 0.15694579196577452 706
1752783821449 0.3496003218442725 707
1752783821633 0.2636694709262359 708
1752783821808 0.18810311531524182 709
1752783821975 0.24375907204942282 710
1752783822161 0.48055538552690447 711
1752783822330 0.3400903552448797 712
1752783822509 0.37730327514288 713
1752783822693 0.400716281381435 714
1752783822868 0.21727857632023873 715
1752783823053 0.19927011604318645 716
1752783823222 0.1102122609021245 717
1752783823394 0.186299658403944 718
1752783823572 0.30577984785147033 719
1752783823811 0.43617976675552267 720
1752783824007 0.21267477227072848 721
1752783824193 0.1365518940583705 722
1752783824381 0.173878240331157 723
1752783824568 0.4439234016963274 724
1752783824751 0.1853567555964468 725
1752783824938 0.2652699094614517 726
1752783825132 0.13195555886300908 727
1752783825302 0.3843669207976745 728
1752783825484 0.13644148973195658 729
1752783825658 0.3093195769793883 730
1752783825859 0.32263387412404454 731
1752783826113 0.2129449427056815 732
1752783826289 0.4567961056341028 733
1752783826458 0.4299618845881183 734
1752783826626 0.3937491756537541 735
1752783826788 0.4162061273839167 736
1752783826953 0.4797998225572036 737
1752783827121 0.18292667768712934 738
1752783827292 0.346396209562134 739
1752783827458 0.23387223851825656 740
1752783827644 0.3631770770854361 741
1752783827815 0.4663619486290177 742
1752783827997 0.34847713466589836 743
1752783828178 0.10370407203656976 744
1752783828361 0.1088591588225457 745
1752783828549 0.17547357352623405 746
1752783828739 0.38518865417098896 747
1752783828923 0.1878982444258286 748
1752783829112 0.3876936909663866 749
1752783829288 0.3425242455221813 750
1752783829479 0.19815707070120686 751
1752783829665 0.40962860889445113 752
1752783829845 0.1789113263873855 753
1752783830029 0.17017613833110207 754
1752783830204 0.4777135418770518 755
1752783830383 0.4065028874697837 756
1752783830562 0.375130502694927 757
1752783830751 0.2449065710440833 758
1752783830942 0.4893762519235042 759
1752783831133 0.24608674356297386 760
1752783831331 0.33641159848190405 761
1752783831505 0.4223536724463053 762
1752783831696 0.16185318855722747 763
1752783831883 0.18545825892987136 764
1752783832074 0.11573246081327437 765
1752783832253 0.20560946693947107 766
1752783832442 0.15159875262448572 767
1752783832633 0.2699403515856397 768
1752783832817 0.3724586631242225 769
1752783833005 0.40906842720674835 770
1752783833205 0.3165455558870068 771
1752783833392 0.3603198874265309 772
1752783833571 0.2103100216519047 773
1752783833755 0.16224815241375726 774
1752783833944 0.43782507055454906 775
1752783834113 0.49617677145964983 776
1752783834300 0.257565227008172 777
1752783834470 0.27452820932708133 778
1752783834652 0.1905786814857171 779
1752783834818 0.24664175421993587 780
1752783835038 0.3598391457901875 781
1752783835230 0.10495002397955783 782
1752783835448 0.4405455747259053 783
1752783835634 0.49944716264744626 784
1752783835819 0.4243517579832237 785
1752783835992 0.4138984716656146 786
1752783836168 0.26377511487164995 787
1752783836344 0.40921945596369597 788
1752783836523 0.35790712636275085 789
1752783836695 0.4207311449915747 790
1752783836894 0.11955528910109897 791
1752783837073 0.1835995621071033 792
1752783837252 0.4881313694732776 793
1752783837435 0.4859712159983702 794
1752783837613 0.4431086847096939 795
1752783837794 0.48258542933605236 796
1752783837973 0.23875562596672567 797
1752783838140 0.23338456362788307 798
1752783838311 0.30807238229692596 799
1752783838494 0.4510465725787296 800
1752783838686 0.23763142792312061 801
1752783838867 0.11947987028263447 802
1752783839052 0.2400234565837483 803
1752783839231 0.44458148671006187 804
1752783839401 0.41000312420450113 805
1752783839591 0.24899539271427895 806
1752783839763 0.31397695947701315 807
1752783839948 0.3954827234386159 808
1752783840116 0.47886834478609247 809
1752783840297 0.28122348598284375 810
1752783840493 0.43171948198101595 811
1752783840678 0.42060304837619295 812
1752783840858 0.2932190057492248 813
1752783841042 0.1421740605946451 814
1752783841221 0.4531800201220376 815
1752783841394 0.4131706509442248 816
1752783841574 0.4875649253312946 817
1752783841754 0.2621170718881153 818
1752783841929 0.19868626669331702 819
1752783842105 0.32261276931702687 820
1752783842301 0.1045327001897523 821
1752783842472 0.24624722310389868 822
1752783842645 0.3281132506799491 823
1752783842824 0.48589268691936693 824
1752783842995 0.48688541311373773 825
1752783843168 0.39771164016015526 826
1752783843339 0.13689371244015044 827
1752783843505 0.3081787650950113 828
1752783843678 0.309926455219003 829
1752783843855 0.23126649552215495 830
1752783844045 0.4419206167661877 831
1752783844229 0.2867602514414615 832
1752783844404 0.32150127636634784 833
1752783844584 0.3846694354292288 834
1752783844768 0.4140675871908933 835
1752783844946 0.4804648196764445 836
1752783845118 0.12404325912073522 837
1752783845290 0.14510939204831713 838
1752783845475 0.2632134818786375 839
1752783845649 0.26203881495887743 840
1752783845843 0.4675834001080491 841
1752783846019 0.45428243630500403 842
1752783846192 0.20084127420746578 843
1752783846374 0.3603118118212712 844
1752783846584 0.2984750280985304 845
1752783846754 0.21654813045729104 846
1752783846923 0.4660408548969892 847
1752783847097 0.248234696969203 848
1752783847266 0.43549921152251586 849
1752783847451 0.3398749764264415 850
1752783847638 0.4911222003370594 851
1752783847814 0.3762142361410295 852
1752783847982 0.47413268441908674 853
1752783848162 0.34410455579308064 854
1752783848337 0.2635662959286153 855
1752783848515 0.3761588539821856 856
1752783848694 0.24949093349135346 857
1752783848873 0.33745631651417995 858
1752783849049 0.4082631270709256 859
1752783849220 0.19553638065851497 860
1752783849410 0.26604880222136423 861
1752783849592 0.1503345338132773 862
1752783849767 0.38939500746331746 863
1752783849948 0.23934828423694246 864
1752783850119 0.37161306619847523 865
1752783850298 0.49202561921259735 866
1752783850467 0.15718771525475855 867
1752783850648 0.3670691603133268 868
1752783850826 0.43487782982955747 869
1752783851011 0.273778911763346 870
1752783851213 0.3988630800252271 871
1752783851394 0.1534895455592377 872
1752783851578 0.25756502554163757 873
1752783851782 0.4459628239389388 874
1752783851982 0.14577062620140233 875
1752783852175 0.31336255568297294 876
1752783852343 0.26184223522390054 877
1752783852520 0.39847899291486727 878
1752783852692 0.4805965234865355 879
1752783852861 0.2587654984205292 880
1752783853045 0.3849198728931149 881
1752783853217 0.3779549265796522 882
1752783853389 0.4203953245794211 883
1752783853558 0.40371652902311195 884
1752783853734 0.4613206621080494 885
1752783853923 0.3083613829935908 886
1752783854110 0.2388967159880389 887
1752783854288 0.36359383496701086 888
1752783854466 0.26698189805402417 889
1752783854650 0.30647852072929777 890
1752783854851 0.4962102011217813 891
1752783855041 0.4228470860247838 892
1752783855218 0.3696410886747448 893
1752783855403 0.20924205091216305 894
1752783855627 0.30788749670678295 895
1752783855806 0.19300108845901104 896
1752783855977 0.4609172934118346 897
1752783856148 0.42166175454644217 898
1752783856319 0.28522594021211684 899
1752783856492 0.2479617251004078 900
1752783856719 0.3904754574758365 901
1752783856888 0.19363734100094263 902
1752783857065 0.20075524153065585 903
1752783857240 0.1205213192114464 904
1752783857414 0.4639121840636409 905
1752783857598 0.10344429502990238 906
1752783857774 0.205161780100917 907
1752783857958 0.45317958540104525 908
1752783858139 0.29118637625826455 909
1752783858330 0.24045773957063257 910
1752783858521 0.3764117184131234 911
1752783858691 0.41808849518573493 912
1752783858866 0.24260209571044689 913
1752783859051 0.26595392457144196 914
1752783859246 0.4643475983557086 915
1752783859438 0.11092791991379586 916
1752783859637 0.45359197496294373 917
1752783859816 0.24083782143618904 918
1752783859997 0.14572161318171264 919
1752783860177 0.30226299145407953 920
1752783860377 0.3618468733011664 921
1752783860563 0.27853604264492815 922
1752783860751 0.4617765895629817 923
1752783860932 0.30213043871488093 924
1752783861114 0.41176739963210185 925
1752783861298 0.37935721911280773 926
1752783861483 0.13893966864007554 927
1752783861668 0.3394393572593308 928
1752783861849 0.11523929650856908 929
1752783862035 0.39613906312717456 930
1752783862233 0.46886709114542335 931
1752783862418 0.13603496759457512 932
1752783862603 0.23671079555616226 933
1752783862792 0.16703420105128025 934
1752783862976 0.14574519904397604 935
1752783863167 0.41082978275870796 936
1752783863352 0.12591829582385006 937
1752783863534 0.27783413241684135 938
1752783863705 0.3422569335632595 939
1752783863883 0.41859654858897044 940
1752783864087 0.3570102475481176 941
1752783864260 0.2771800642624738 942
1752783864450 0.3400875092308133 943
1752783864626 0.11009718544017613 944
1752783864809 0.23427298666609758 945
1752783864992 0.48128309073828185 946
1752783865183 0.38573856667477696 947
1752783865362 0.1393272318229403 948
1752783865545 0.3334635394556808 949
1752783865723 0.34800376965916024 950
1752783865920 0.1089541835605886 951
1752783866095 0.21285552151162782 952
1752783866267 0.2434633989484127 953
1752783866443 0.37679399723857315 954
1752783866644 0.40702502194010814 955
1752783866844 0.11273191929141949 956
1752783867024 0.34911043688730337 957
1752783867203 0.4110792774034222 958
1752783867382 0.1586703119428119 959
1752783867630 0.4007346669653116 960
1752783867846 0.25996673443032314 961
1752783868029 0.34646956526123757 962
1752783868209 0.36963118348837676 963
1752783868392 0.36473613135002564 964
1752783868568 0.16067610862336235 965
1752783868750 0.3960551416529434 966
1752783868925 0.37706851063913355 967
1752783869107 0.49782396667691353 968
1752783869293 0.3546395990418403 969
1752783869524 0.30070214425205705 970
1752783869732 0.2609272990673306 971
1752783869913 0.4217990327911814 972
1752783870097 0.17312125771647124 973
1752783870279 0.4393943123022568 974
1752783870461 0.12951355791264138 975
1752783870658 0.27839012510799566 976
1752783870845 0.18869201597623186 977
1752783871037 0.1473543114234661 978
1752783871230 0.21364071789963612 979
1752783871423 0.1468630707849239 980
1752783871624 0.44879920320318306 981
1752783871807 0.34510667514923704 982
1752783872000 0.3765086725758311 983
1752783872185 0.135157113564022 984
1752783872374 0.4905200412147109 985
1752783872561 0.2630136196841724 986
1752783872755 0.24249084297250298 987
1752783872948 0.4600292988761571 988
1752783873138 0.44844257846490515 989
1752783873328 0.4440399126159629 990
1752783873527 0.345612163617626 991
1752783873719 0.3630768242871991 992
1752783873909 0.23438402517821483 993
1752783874096 0.3250701901370777 994
1752783874281 0.10162235150683499 995
1752783874464 0.44700388256096857 996
1752783874657 0.32321381890601597 997
1752783874851 0.3647561354694635 998
1752783875045 0.3607908149629983 999
