1752783696810 0.0 0
1752783696989 0.0 1
1752783697160 0.0 2
1752783697336 0.0 3
1752783697512 0.0 4
1752783697680 0.0 5
1752783697852 0.0 6
1752783698025 0.0 7
1752783698200 0.0 8
1752783698372 0.0 9
1752783698547 0.0 10
1752783698728 0.0 11
1752783698896 0.0 12
1752783699072 0.0 13
1752783699244 0.0 14
1752783699410 0.0 15
1752783699574 0.0 16
1752783699744 0.0 17
1752783699915 0.0 18
1752783700091 0.0 19
1752783700267 0.0 20
1752783700446 0.0 21
1752783700618 0.0 22
1752783700788 0.0 23
1752783700955 0.0 24
1752783701131 0.0 25
1752783701304 0.0 26
1752783701473 0.0 27
1752783701645 0.0 28
1752783701819 0.0 29
1752783701995 0.0 30
1752783702158 0.0 31
1752783702332 0.0 32
1752783702502 0.0 33
1752783702696 0.0 34
1752783702867 0.0 35
1752783703035 0.0 36
1752783703208 0.0 37
1752783703380 0.0 38
1752783703554 0.0 39
1752783703727 0.0 40
1752783703895 0.0 41
1752783704065 0.0 42
1752783704238 0.0 43
1752783704408 0.0 44
1752783704581 0.0 45
1752783704755 0.0 46
1752783704931 0.0 47
1752783705104 0.0 48
1752783705274 0.0 49
1752783705440 0.0 50
1752783705615 0.0 51
1752783705779 0.0 52
1752783705946 0.0 53
1752783706118 0.0 54
1752783706289 0.0 55
1752783706461 0.0 56
1752783706625 0.0 57
1752783706804 0.0 58
1752783706975 0.0 59
1752783707150 0.0 60
1752783707320 0.0 61
1752783707493 0.0 62
1752783707667 0.0 63
1752783707840 0.0 64
1752783708011 0.0 65
1752783708191 0.0 66
1752783708358 0.0 67
1752783708530 0.0 68
1752783708704 0.0 69
1752783708871 0.0 70
1752783709050 0.0 71
1752783709224 0.0 72
1752783709390 0.0 73
1752783709554 0.0 74
1752783709723 0.0 75
1752783709891 0.0 76
1752783710063 0.0 77
1752783710240 0.0 78
1752783710409 0.0 79
1752783710584 0.0 80
1752783710755 0.0 81
1752783710930 0.0 82
1752783711105 0.0 83
1752783711281 0.0 84
1752783711453 0.0 85
1752783711629 0.0 86
1752783711801 0.0 87
1752783711973 0.0 88
1752783712144 0.0 89
1752783712314 0.0 90
1752783712493 0.0 91
1752783712668 0.0 92
1752783712842 0.0 93
1752783713018 0.0 94
1752783713179 0.0 95
1752783713348 0.0 96
1752783713523 0.0 97
1752783713688 0.0 98
1752783713859 0.0 99
1752783714033 0.0 100
1752783714206 0.0 101
1752783714378 0.0 102
1752783714555 0.0 103
1752783714730 0.0 104
1752783714904 0.0 105
1752783715080 0.0 106
1752783715243 0.0 107
1752783715411 0.0 108
1752783715579 0.0 109
1752783715754 0.0 110
1752783715929 0.0 111
1752783716103 0.0 112
1752783716274 0.0 113
1752783716447 0.0 114
1752783716621 0.0 115
1752783716795 0.0 116
1752783716972 0.0 117
1752783717145 0.0 118
1752783717320 0.0 119
1752783717481 0.0 120
1752783717673 0.0 121
1752783717835 0.0 122
1752783718008 0.0 123
1752783718179 0.0 124
1752783718354 0.0 125
1752783718531 0.0 126
1752783718709 0.0 127
1752783718883 0.0 128
1752783719058 0.0 129
1752783719232 0.0 130
1752783719403 0.0 131
1752783719574 0.0 132
1752783719747 0.0 133
1752783719910 0.0 134
1752783720084 0.0 135
1752783720257 0.0 136
1752783720430 0.0 137
1752783720609 0.0 138
1752783720786 0.0 139
1752783720963 0.0 140
1752783721145 0.0 141
1752783721319 0.0 142
1752783721492 0.0 143
1752783721665 0.0 144
1752783721839 0.0 145
1752783722012 0.0 146
1752783722188 0.0 147
1752783722362 0.0 148
1752783722532 0.0 149
1752783722707 0.0 150
1752783722886 0.0 151
1752783723062 0.0 152
1752783723240 0.0 153
1752783723410 0.0 154
1752783723579 0.0 155
1752783723754 0.0 156
1752783723924 0.0 157
1752783724098 0.0 158
1752783724273 0.0 159
1752783724447 0.0 160
1752783724630 0.0 161
1752783724797 0.0 162
1752783724974 0.0 163
1752783725133 0.0 164
1752783725391 0.0 165
1752783725553 0.0 166
1752783725718 0.0 167
1752783725881 0.0 168
1752783726057 0.0 169
1752783726231 0.0 170
1752783726452 0.0 171
1752783726627 0.0 172
1752783726782 0.0 173
1752783726937 0.0 174
1752783727100 0.0 175
1752783727266 0.0 176
1752783727441 0.0 177
1752783727613 0.0 178
1752783727783 0.0 179
1752783727955 0.0 180
1752783728128 0.0 181
1752783728327 0.0 182
1752783728493 0.0 183
1752783728651 0.0 184
1752783728824 0.0 185
1752783728991 0.0 186
1752783729162 0.0 187
1752783729328 0.0 188
1752783729494 0.0 189
1752783729658 0.0 190
1752783729841 0.0 191
1752783730010 0.0 192
1752783730182 0.0 193
1752783730361 0.0 194
1752783730527 0.0 195
1752783730682 0.0 196
1752783730839 0.0 197
1752783730998 0.0 198
1752783731167 0.0 199
1752783731342 0.0 200
1752783731523 0.0 201
1752783731684 0.0 202
1752783731850 0.0 203
1752783732018 0.0 204
1752783732186 0.0 205
1752783732354 0.0 206
1752783732530 0.0 207
1752783732694 0.0 208
1752783732864 0.0 209
1752783733070 0.0 210
1752783733313 0.0 211
1752783733505 0.0 212
1752783733665 0.0 213
1752783733832 0.0 214
1752783733994 0.0 215
1752783734182 0.0 216
1752783734361 0.0 217
1752783734539 0.0 218
1752783734722 0.0 219
1752783734903 0.0 220
1752783735232 0.0 221
1752783735410 0.0 222
1752783735598 0.0 223
1752783735760 0.0 224
1752783735924 0.0 225
1752783736105 0.0 226
1752783736276 0.0 227
1752783736446 0.0 228
1752783736614 0.0 229
1752783736786 0.0 230
1752783736954 0.0 231
1752783737124 0.0 232
1752783737297 0.0 233
1752783737473 0.0 234
1752783737649 0.0 235
1752783737815 0.0 236
1752783737989 0.0 237
1752783738154 0.0 238
1752783738318 0.0 239
1752783738482 0.0 240
1752783738652 0.0 241
1752783738821 0.0 242
1752783738994 0.0 243
1752783739168 0.0 244
1752783739342 0.0 245
1752783739522 0.0 246
1752783739695 0.0 247
1752783739870 0.0 248
1752783740037 0.0 249
1752783740205 0.0 250
1752783740375 0.0 251
1752783740534 0.0 252
1752783740698 0.0 253
1752783740862 0.0 254
1752783741038 0.0 255
1752783741204 0.0 256
1752783741379 0.0 257
1752783741542 0.0 258
1752783741708 0.0 259
1752783741873 0.0 260
1752783742050 0.0 261
1752783742221 0.0 262
1752783742386 0.0 263
1752783742558 0.0 264
1752783742742 0.0 265
1752783742925 0.0 266
1752783743094 0.0 267
1752783743272 0.0 268
1752783743434 0.0 269
1752783743611 0.0 270
1752783743792 0.0 271
1752783743965 0.0 272
1752783744133 0.0 273
1752783744305 0.0 274
1752783744485 0.0 275
1752783744668 0.0 276
1752783744835 0.0 277
1752783744995 0.0 278
1752783745159 0.0 279
1752783745324 0.0 280
1752783745491 0.0 281
1752783745665 0.0 282
1752783745821 0.0 283
1752783745978 0.0 284
1752783746136 0.0 285
1752783746290 0.0 286
1752783746443 0.0 287
1752783746605 0.0 288
1752783746772 0.0 289
1752783746953 0.0 290
1752783747140 0.0 291
1752783747324 0.0 292
1752783747500 0.0 293
1752783747677 0.0 294
1752783747855 0.0 295
1752783748031 0.0 296
1752783748213 0.0 297
1752783748392 0.0 298
1752783748564 0.0 299
1752783748739 0.0 300
1752783748924 0.0 301
1752783749104 0.0 302
1752783749282 0.0 303
1752783749463 0.0 304
1752783749632 0.0 305
1752783749816 0.0 306
1752783749979 0.0 307
1752783750154 0.0 308
1752783750326 0.0 309
1752783750515 0.0 310
1752783750694 0.0 311
1752783750868 0.0 312
1752783751034 0.0 313
1752783751194 0.0 314
1752783751360 0.0 315
1752783751540 0.0 316
1752783751709 0.0 317
1752783751888 0.0 318
1752783752060 0.0 319
1752783752245 0.0 320
1752783752429 0.0 321
1752783752604 0.0 322
1752783752783 0.0 323
1752783752966 0.0 324
1752783753157 0.0 325
1752783753337 0.0 326
1752783753496 0.0 327
1752783753668 0.0 328
1752783753856 0.0 329
1752783754034 0.0 330
1752783754218 0.0 331
1752783754399 0.0 332
1752783754572 0.0 333
1752783754744 0.0 334
1752783754911 0.0 335
1752783755074 0.0 336
1752783755238 0.0 337
1752783755400 0.0 338
1752783755570 0.0 339
1752783755741 0.0 340
1752783755922 0.0 341
1752783756092 0.0 342
1752783756270 0.0 343
1752783756440 0.0 344
1752783756608 0.0 345
1752783756777 0.0 346
1752783756946 0.0 347
1752783757111 0.0 348
1752783757309 0.0 349
1752783757475 0.0 350
1752783757648 0.0 351
1752783757822 0.0 352
1752783757988 0.0 353
1752783758170 0.0 354
1752783758349 0.0 355
1752783758531 0.0 356
1752783758712 0.0 357
1752783758893 0.0 358
1752783759076 0.0 359
1752783759238 0.0 360
1752783759415 0.0 361
1752783759580 0.0 362
1752783759744 0.0 363
1752783759910 0.0 364
1752783760084 0.0 365
1752783760247 0.0 366
1752783760423 0.0 367
1752783760612 0.0 368
1752783760790 0.0 369
1752783760975 0.0 370
1752783761170 0.0 371
1752783761350 0.0 372
1752783761523 0.0 373
1752783761706 0.0 374
1752783761884 0.0 375
1752783762062 0.0 376
1752783762245 0.0 377
1752783762425 0.0 378
1752783762609 0.0 379
1752783762792 0.0 380
1752783762961 0.0 381
1752783763118 0.0 382
1752783763302 0.0 383
1752783763483 0.0 384
1752783763663 0.0 385
1752783763845 0.0 386
1752783764023 0.0 387
1752783764205 0.0 388
1752783764384 0.0 389
1752783764565 0.0 390
1752783764759 0.0 391
1752783764942 0.0 392
1752783765113 0.0 393
1752783765293 0.0 394
1752783765464 0.0 395
1752783765630 0.0 396
1752783765799 0.0 397
1752783765970 0.0 398
1752783766149 0.0 399
1752783766313 0.0 400
1752783766512 0.0 401
1752783766697 0.0 402
1752783766883 0.0 403
1752783767061 0.0 404
1752783767244 0.0 405
1752783767426 0.0 406
1752783767591 0.0 407
1752783767769 0.0 408
1752783767949 0.0 409
1752783768125 0.0 410
1752783768312 0.0 411
1752783768501 0.0 412
1752783768683 0.0 413
1752783768864 0.0 414
1752783769027 0.0 415
1752783769189 0.0 416
1752783769374 0.0 417
1752783769546 0.0 418
1752783769725 0.0 419
1752783769909 0.0 420
1752783770102 0.0 421
1752783770282 0.0 422
1752783770461 0.0 423
1752783770647 0.0 424
1752783770825 0.0 425
1752783770998 0.0 426
1752783771166 0.0 427
1752783771347 0.0 428
1752783771517 0.0 429
1752783771696 0.0 430
1752783771897 0.0 431
1752783772068 0.0 432
1752783772244 0.0 433
1752783772424 0.0 434
1752783772605 0.0 435
1752783772784 0.0 436
1752783772966 0.0 437
1752783773146 0.0 438
1752783773322 0.0 439
1752783773494 0.0 440
1752783773689 0.0 441
1752783773873 0.0 442
1752783774050 0.0 443
1752783774217 0.0 444
1752783774395 0.0 445
1752783774578 0.0 446
1752783774761 0.0 447
1752783774944 0.0 448
1752783775119 0.0 449
1752783775302 0.0 450
1752783775474 0.0 451
1752783775647 0.0 452
1752783775829 0.0 453
1752783776012 0.0 454
1752783776186 0.0 455
1752783776368 0.0 456
1752783776548 0.0 457
1752783776726 0.0 458
1752783776901 0.0 459
1752783777080 0.0 460
1752783777280 0.0 461
1752783777454 0.0 462
1752783777629 0.0 463
1752783777805 0.0 464
1752783777972 0.0 465
1752783778146 0.0 466
1752783778326 0.0 467
1752783778495 0.0 468
1752783778677 0.0 469
1752783778854 0.0 470
1752783779031 0.0 471
1752783779198 0.0 472
1752783779379 0.0 473
1752783779557 0.0 474
1752783779740 0.0 475
1752783779916 0.0 476
1752783780083 0.0 477
1752783780257 0.0 478
1752783780434 0.0 479
1752783780614 0.0 480
1752783780802 0.0 481
1752783780981 0.0 482
1752783781161 0.0 483
1752783781335 0.0 484
1752783781516 0.0 485
1752783781688 0.0 486
1752783781869 0.0 487
1752783782047 0.0 488
1752783782224 0.0 489
1752783782406 0.0 490
1752783782601 0.0 491
1752783782782 0.0 492
1752783782964 0.0 493
1752783783159 0.0 494
1752783783334 0.0 495
1752783783514 0.0 496
1752783783692 0.0 497
1752783783870 0.0 498
1752783784039 0.0 499
1752783784209 0.0 500
1752783784390 0.0 501
1752783784564 0.0 502
1752783784730 0.0 503
1752783784917 0.0 504
1752783785101 0.0 505
1752783785282 0.0 506
1752783785443 0.0 507
1752783785623 0.0 508
1752783785794 0.0 509
1752783785964 0.0 510
1752783786153 0.0 511
1752783786329 0.0 512
1752783786511 0.0 513
1752783786691 0.0 514
1752783786859 0.0 515
1752783787043 0.0 516
1752783787224 0.0 517
1752783787408 0.0 518
1752783787568 0.0 519
1752783787742 0.0 520
1752783787922 0.0 521
1752783788099 0.0 522
1752783788263 0.0 523
1752783788429 0.0 524
1752783788612 0.0 525
1752783788794 0.0 526
1752783788982 0.0 527
1752783789170 0.0 528
1752783789348 0.0 529
1752783789528 0.0 530
1752783789717 0.0 531
1752783789895 0.0 532
1752783790077 0.0 533
1752783790259 0.0 534
1752783790440 0.0 535
1752783790622 0.0 536
1752783790805 0.0 537
1752783790993 0.0 538
1752783791180 0.0 539
1752783791368 0.0 540
1752783791564 0.0 541
1752783791742 0.0 542
1752783791923 0.0 543
1752783792098 0.0 544
1752783792279 0.0 545
1752783792463 0.0 546
1752783792656 0.0 547
1752783792830 0.0 548
1752783793016 0.0 549
1752783793181 0.0 550
1752783793363 0.0 551
1752783793529 0.0 552
1752783793697 0.0 553
1752783793865 0.0 554
1752783794044 0.0 555
1752783794215 0.0 556
1752783794379 0.0 557
1752783794553 0.0 558
1752783794719 0.0 559
1752783794891 0.0 560
1752783795075 0.0 561
1752783795246 0.0 562
1752783795545 0.0 563
1752783795718 0.0 564
1752783795882 0.0 565
1752783796061 0.0 566
1752783796265 0.0 567
1752783796434 0.0 568
1752783796600 0.0 569
1752783796783 0.0 570
1752783796974 0.0 571
1752783797148 0.0 572
1752783797326 0.0 573
1752783797511 0.0 574
1752783797691 0.0 575
1752783797871 0.0 576
1752783798045 0.0 577
1752783798213 0.0 578
1752783798392 0.0 579
1752783798573 0.0 580
1752783798764 0.0 581
1752783798940 0.0 582
1752783799123 0.0 583
1752783799304 0.0 584
1752783799483 0.0 585
1752783799661 0.0 586
1752783799844 0.0 587
1752783800028 0.0 588
1752783800211 0.0 589
1752783800391 0.0 590
1752783800584 0.0 591
1752783800767 0.0 592
1752783800948 0.0 593
1752783801130 0.0 594
1752783801312 0.0 595
1752783801483 0.0 596
1752783801662 0.0 597
1752783801842 0.0 598
1752783802023 0.0 599
1752783802198 0.0 600
1752783802386 0.0 601
1752783802564 0.0 602
1752783802751 0.0 603
1752783802931 0.0 604
1752783803114 0.0 605
1752783803299 0.0 606
1752783803463 0.0 607
1752783803635 0.0 608
1752783803812 0.0 609
1752783803977 0.0 610
1752783804167 0.0 611
1752783804343 0.0 612
1752783804523 0.0 613
1752783804693 0.0 614
1752783804867 0.0 615
1752783805052 0.0 616
1752783805234 0.0 617
1752783805408 0.0 618
1752783805579 0.0 619
1752783805764 0.0 620
1752783805954 0.0 621
1752783806131 0.0 622
1752783806303 0.0 623
1752783806482 0.0 624
1752783806666 0.0 625
1752783806850 0.0 626
1752783807034 0.0 627
1752783807214 0.0 628
1752783807388 0.0 629
1752783807560 0.0 630
1752783807744 0.0 631
1752783807923 0.0 632
1752783808098 0.0 633
1752783808280 0.0 634
1752783808453 0.0 635
1752783808642 0.0 636
1752783808840 0.0 637
1752783809023 0.0 638
1752783809195 0.0 639
1752783809375 0.0 640
1752783809563 0.0 641
1752783809735 0.0 642
1752783809913 0.0 643
1752783810090 0.0 644
1752783810266 0.0 645
1752783810436 0.0 646
1752783810624 0.0 647
1752783810807 0.0 648
1752783810995 0.0 649
1752783811183 0.0 650
1752783811384 0.0 651
1752783811556 0.0 652
1752783811735 0.0 653
1752783811914 0.0 654
1752783812102 0.0 655
1752783812282 0.0 656
1752783812473 0.0 657
1752783812665 0.0 658
1752783812855 0.0 659
1752783813060 0.0 660
1752783813244 0.0 661
1752783813421 0.0 662
1752783813595 0.0 663
1752783813766 0.0 664
1752783813943 0.0 665
1752783814113 0.0 666
1752783814275 0.0 667
1752783814448 0.0 668
1752783814618 0.0 669
1752783814791 0.0 670
1752783815045 0.0 671
1752783815227 0.0 672
1752783815403 0.0 673
1752783815573 0.0 674
1752783815756 0.0 675
1752783815929 0.0 676
1752783816099 0.0 677
1752783816271 0.0 678
1752783816443 0.0 679
1752783816625 0.0 680
1752783816821 0.0 681
1752783816995 0.0 682
1752783817174 0.0 683
1752783817359 0.0 684
1752783817535 0.0 685
1752783817714 0.0 686
1752783817885 0.0 687
1752783818060 0.0 688
1752783818240 0.0 689
1752783818420 0.0 690
1752783818619 0.0 691
1752783818803 0.0 692
1752783818981 0.0 693
1752783819157 0.0 694
1752783819331 0.0 695
1752783819505 0.0 696
1752783819684 0.0 697
1752783819865 0.0 698
1752783820044 0.0 699
1752783820214 0.0 700
1752783820404 0.0 701
1752783820574 0.0 702
1752783820758 0.0 703
1752783820924 0.0 704
1752783821103 0.0 705
1752783821274 0.0 706
1752783821449 0.0 707
1752783821633 0.0 708
1752783821808 0.0 709
1752783821975 0.0 710
1752783822161 0.0 711
1752783822330 0.0 712
1752783822509 0.0 713
1752783822693 0.0 714
1752783822868 0.0 715
1752783823053 0.0 716
1752783823222 0.0 717
1752783823394 0.0 718
1752783823572 0.0 719
1752783823811 0.0 720
1752783824007 0.0 721
1752783824193 0.0 722
1752783824381 0.0 723
1752783824568 0.0 724
1752783824751 0.0 725
1752783824938 0.0 726
1752783825132 0.0 727
1752783825302 0.0 728
1752783825484 0.0 729
1752783825658 0.0 730
1752783825859 0.0 731
1752783826113 0.0 732
1752783826289 0.0 733
1752783826458 0.0 734
1752783826626 0.0 735
1752783826788 0.0 736
1752783826953 0.0 737
1752783827121 0.0 738
1752783827292 0.0 739
1752783827458 0.0 740
1752783827644 0.0 741
1752783827815 0.0 742
1752783827997 0.0 743
1752783828178 0.0 744
1752783828361 0.0 745
1752783828549 0.0 746
1752783828739 0.0 747
1752783828923 0.0 748
1752783829112 0.0 749
1752783829288 0.0 750
1752783829479 0.0 751
1752783829665 0.0 752
1752783829845 0.0 753
1752783830029 0.0 754
1752783830204 0.0 755
1752783830383 0.0 756
1752783830562 0.0 757
1752783830751 0.0 758
1752783830942 0.0 759
1752783831133 0.0 760
1752783831331 0.0 761
1752783831505 0.0 762
1752783831696 0.0 763
1752783831883 0.0 764
1752783832074 0.0 765
1752783832253 0.0 766
1752783832442 0.0 767
1752783832633 0.0 768
1752783832817 0.0 769
1752783833005 0.0 770
1752783833205 0.0 771
1752783833392 0.0 772
1752783833571 0.0 773
1752783833755 0.0 774
1752783833944 0.0 775
1752783834113 0.0 776
1752783834300 0.0 777
1752783834470 0.0 778
1752783834652 0.0 779
1752783834818 0.0 780
1752783835038 0.0 781
1752783835230 0.0 782
1752783835448 0.0 783
1752783835634 0.0 784
1752783835819 0.0 785
1752783835992 0.0 786
1752783836168 0.0 787
1752783836344 0.0 788
1752783836523 0.0 789
1752783836695 0.0 790
1752783836894 0.0 791
1752783837073 0.0 792
1752783837252 0.0 793
1752783837435 0.0 794
1752783837613 0.0 795
1752783837794 0.0 796
1752783837973 0.0 797
1752783838140 0.0 798
1752783838311 0.0 799
1752783838494 0.0 800
1752783838686 0.0 801
1752783838867 0.0 802
1752783839052 0.0 803
1752783839231 0.0 804
1752783839401 0.0 805
1752783839591 0.0 806
1752783839763 0.0 807
1752783839948 0.0 808
1752783840116 0.0 809
1752783840297 0.0 810
1752783840493 0.0 811
1752783840678 0.0 812
1752783840858 0.0 813
1752783841042 0.0 814
1752783841221 0.0 815
1752783841394 0.0 816
1752783841574 0.0 817
1752783841754 0.0 818
1752783841929 0.0 819
1752783842105 0.0 820
1752783842301 0.0 821
1752783842472 0.0 822
1752783842645 0.0 823
1752783842824 0.0 824
1752783842995 0.0 825
1752783843168 0.0 826
1752783843339 0.0 827
1752783843505 0.0 828
1752783843678 0.0 829
1752783843855 0.0 830
1752783844045 0.0 831
1752783844229 0.0 832
1752783844404 0.0 833
1752783844584 0.0 834
1752783844768 0.0 835
1752783844946 0.0 836
1752783845118 0.0 837
1752783845290 0.0 838
1752783845475 0.0 839
1752783845649 0.0 840
1752783845843 0.0 841
1752783846019 0.0 842
1752783846192 0.0 843
1752783846374 0.0 844
1752783846584 0.0 845
1752783846754 0.0 846
1752783846923 0.0 847
1752783847097 0.0 848
1752783847266 0.0 849
1752783847451 0.0 850
1752783847638 0.0 851
1752783847814 0.0 852
1752783847982 0.0 853
1752783848162 0.0 854
1752783848337 0.0 855
1752783848515 0.0 856
1752783848694 0.0 857
1752783848873 0.0 858
1752783849049 0.0 859
1752783849220 0.0 860
1752783849410 0.0 861
1752783849592 0.0 862
1752783849767 0.0 863
1752783849948 0.0 864
1752783850119 0.0 865
1752783850298 0.0 866
1752783850467 0.0 867
1752783850648 0.0 868
1752783850826 0.0 869
1752783851011 0.0 870
1752783851213 0.0 871
1752783851394 0.0 872
1752783851578 0.0 873
1752783851782 0.0 874
1752783851982 0.0 875
1752783852175 0.0 876
1752783852343 0.0 877
1752783852520 0.0 878
1752783852692 0.0 879
1752783852861 0.0 880
1752783853045 0.0 881
1752783853217 0.0 882
1752783853389 0.0 883
1752783853558 0.0 884
1752783853734 0.0 885
1752783853923 0.0 886
1752783854110 0.0 887
1752783854288 0.0 888
1752783854466 0.0 889
1752783854650 0.0 890
1752783854851 0.0 891
1752783855041 0.0 892
1752783855218 0.0 893
1752783855403 0.0 894
1752783855627 0.0 895
1752783855806 0.0 896
1752783855977 0.0 897
1752783856148 0.0 898
1752783856319 0.0 899
1752783856492 0.0 900
1752783856719 0.0 901
1752783856888 0.0 902
1752783857065 0.0 903
1752783857240 0.0 904
1752783857414 0.0 905
1752783857598 0.0 906
1752783857774 0.0 907
1752783857958 0.0 908
1752783858139 0.0 909
1752783858330 0.0 910
1752783858521 0.0 911
1752783858691 0.0 912
1752783858866 0.0 913
1752783859051 0.0 914
1752783859246 0.0 915
1752783859438 0.0 916
1752783859637 0.0 917
1752783859816 0.0 918
1752783859997 0.0 919
1752783860177 0.0 920
1752783860377 0.0 921
1752783860563 0.0 922
1752783860751 0.0 923
1752783860932 0.0 924
1752783861114 0.0 925
1752783861298 0.0 926
1752783861483 0.0 927
1752783861668 0.0 928
1752783861849 0.0 929
1752783862035 0.0 930
1752783862233 0.0 931
1752783862418 0.0 932
1752783862603 0.0 933
1752783862792 0.0 934
1752783862976 0.0 935
1752783863167 0.0 936
1752783863352 0.0 937
1752783863534 0.0 938
1752783863705 0.0 939
1752783863883 0.0 940
1752783864087 0.0 941
1752783864260 0.0 942
1752783864450 0.0 943
1752783864626 0.0 944
1752783864809 0.0 945
1752783864992 0.0 946
1752783865183 0.0 947
1752783865362 0.0 948
1752783865545 0.0 949
1752783865723 0.0 950
1752783865920 0.0 951
1752783866095 0.0 952
1752783866267 0.0 953
1752783866443 0.0 954
1752783866644 0.0 955
1752783866844 0.0 956
1752783867024 0.0 957
1752783867203 0.0 958
1752783867382 0.0 959
1752783867630 0.0 960
1752783867846 0.0 961
1752783868029 0.0 962
1752783868209 0.0 963
1752783868392 0.0 964
1752783868568 0.0 965
1752783868750 0.0 966
1752783868925 0.0 967
1752783869107 0.0 968
1752783869293 0.0 969
1752783869524 0.0 970
1752783869732 0.0 971
1752783869913 0.0 972
1752783870097 0.0 973
1752783870279 0.0 974
1752783870461 0.0 975
1752783870658 0.0 976
1752783870845 0.0 977
1752783871037 0.0 978
1752783871230 0.0 979
1752783871423 0.0 980
1752783871624 0.0 981
1752783871807 0.0 982
1752783872000 0.0 983
1752783872185 0.0 984
1752783872374 0.0 985
1752783872561 0.0 986
1752783872755 0.0 987
1752783872948 0.0 988
1752783873138 0.0 989
1752783873328 0.0 990
1752783873527 0.0 991
1752783873719 0.0 992
1752783873909 0.0 993
1752783874096 0.0 994
1752783874281 0.0 995
1752783874464 0.0 996
1752783874657 0.0 997
1752783874851 0.0 998
1752783875045 0.0 999
