1752783696810 2.1613121032714844 0
1752783696989 2.1579742431640625 1
1752783697160 2.158069610595703 2
1752783697336 2.158069610595703 3
1752783697512 2.158069610595703 4
1752783697680 2.1581649780273438 5
1752783697852 2.158069610595703 6
1752783698025 2.158069610595703 7
1752783698200 2.158069610595703 8
1752783698372 2.158069610595703 9
1752783698547 2.1581649780273438 10
1752783698728 2.1582603454589844 11
1752783698896 2.1582603454589844 12
1752783699072 2.158355712890625 13
1752783699244 2.158355712890625 14
1752783699410 2.158355712890625 15
1752783699574 2.1582603454589844 16
1752783699744 2.1582603454589844 17
1752783699915 2.1582603454589844 18
1752783700091 2.158355712890625 19
1752783700267 2.158355712890625 20
1752783700446 2.158355712890625 21
1752783700618 2.158355712890625 22
1752783700788 2.158355712890625 23
1752783700955 2.158355712890625 24
1752783701131 2.158355712890625 25
1752783701304 2.158355712890625 26
1752783701473 2.1584510803222656 27
1752783701645 2.1584510803222656 28
1752783701819 2.1584510803222656 29
1752783701995 2.1584510803222656 30
1752783702158 2.1584510803222656 31
1752783702332 2.1584510803222656 32
1752783702502 2.1584510803222656 33
1752783702696 2.1584510803222656 34
1752783702867 2.1584510803222656 35
1752783703035 2.1584510803222656 36
1752783703208 2.1584510803222656 37
1752783703380 2.1584510803222656 38
1752783703554 2.1584510803222656 39
1752783703727 2.1584510803222656 40
1752783703895 2.1584510803222656 41
1752783704065 2.1584510803222656 42
1752783704238 2.1584510803222656 43
1752783704408 2.1584510803222656 44
1752783704581 2.1584510803222656 45
1752783704755 2.1584510803222656 46
1752783704931 2.1584510803222656 47
1752783705104 2.1584510803222656 48
1752783705274 2.1584510803222656 49
1752783705440 2.1584510803222656 50
1752783705615 2.1584510803222656 51
1752783705779 2.1584510803222656 52
1752783705946 2.1584510803222656 53
1752783706118 2.1584510803222656 54
1752783706289 2.1584510803222656 55
1752783706461 2.1584510803222656 56
1752783706625 2.1584510803222656 57
1752783706804 2.1584510803222656 58
1752783706975 2.1584510803222656 59
1752783707150 2.1584510803222656 60
1752783707320 2.1584510803222656 61
1752783707493 2.1584510803222656 62
1752783707667 2.1584510803222656 63
1752783707840 2.1584510803222656 64
1752783708011 2.1584510803222656 65
1752783708191 2.1584510803222656 66
1752783708358 2.1584510803222656 67
1752783708530 2.1584510803222656 68
1752783708704 2.1584510803222656 69
1752783708871 2.1584510803222656 70
1752783709050 2.1584510803222656 71
1752783709224 2.1584510803222656 72
1752783709390 2.1584510803222656 73
1752783709554 2.1584510803222656 74
1752783709723 2.1584510803222656 75
1752783709891 2.1584510803222656 76
1752783710063 2.1584510803222656 77
1752783710240 2.1584510803222656 78
1752783710409 2.1584510803222656 79
1752783710584 2.1584510803222656 80
1752783710755 2.1584510803222656 81
1752783710930 2.1584510803222656 82
1752783711105 2.1584510803222656 83
1752783711281 2.1584510803222656 84
1752783711453 2.1585464477539062 85
1752783711629 2.1585464477539062 86
1752783711801 2.1585464477539062 87
1752783711973 2.1585464477539062 88
1752783712144 2.1585464477539062 89
1752783712314 2.1585464477539062 90
1752783712493 2.1585464477539062 91
1752783712668 2.1585464477539062 92
1752783712842 2.1585464477539062 93
1752783713018 2.1585464477539062 94
1752783713179 2.158641815185547 95
1752783713348 2.158641815185547 96
1752783713523 2.158641815185547 97
1752783713688 2.158641815185547 98
1752783713859 2.158641815185547 99
1752783714033 2.158641815185547 100
1752783714206 2.158641815185547 101
1752783714378 2.158641815185547 102
1752783714555 2.158641815185547 103
1752783714730 2.158641815185547 104
1752783714904 2.158641815185547 105
1752783715080 2.158641815185547 106
1752783715243 2.158641815185547 107
1752783715411 2.158641815185547 108
1752783715579 2.158641815185547 109
1752783715754 2.158641815185547 110
1752783715929 2.158641815185547 111
1752783716103 2.158641815185547 112
1752783716274 2.158641815185547 113
1752783716447 2.158641815185547 114
1752783716621 2.158641815185547 115
1752783716795 2.158641815185547 116
1752783716972 2.158641815185547 117
1752783717145 2.158641815185547 118
1752783717320 2.158641815185547 119
1752783717481 2.158641815185547 120
1752783717673 2.158641815185547 121
1752783717835 2.158641815185547 122
1752783718008 2.158641815185547 123
1752783718179 2.158641815185547 124
1752783718354 2.158641815185547 125
1752783718531 2.158641815185547 126
1752783718709 2.158641815185547 127
1752783718883 2.158641815185547 128
1752783719058 2.158641815185547 129
1752783719232 2.158641815185547 130
1752783719403 2.158641815185547 131
1752783719574 2.158641815185547 132
1752783719747 2.158641815185547 133
1752783719910 2.158641815185547 134
1752783720084 2.158641815185547 135
1752783720257 2.158641815185547 136
1752783720430 2.158641815185547 137
1752783720609 2.158641815185547 138
1752783720786 2.158641815185547 139
1752783720963 2.158641815185547 140
1752783721145 2.158641815185547 141
1752783721319 2.158641815185547 142
1752783721492 2.158641815185547 143
1752783721665 2.158641815185547 144
1752783721839 2.158641815185547 145
1752783722012 2.158641815185547 146
1752783722188 2.158641815185547 147
1752783722362 2.158641815185547 148
1752783722532 2.158641815185547 149
1752783722707 2.158641815185547 150
1752783722886 2.158641815185547 151
1752783723062 2.158641815185547 152
1752783723240 2.158641815185547 153
1752783723410 2.158641815185547 154
1752783723579 2.158641815185547 155
1752783723754 2.158641815185547 156
1752783723924 2.1587371826171875 157
1752783724098 2.1587371826171875 158
1752783724273 2.1587371826171875 159
1752783724447 2.1587371826171875 160
1752783724630 2.1587371826171875 161
1752783724797 2.1587371826171875 162
1752783724974 2.1587371826171875 163
1752783725133 2.1587371826171875 164
1752783725391 1.7038345336914062 165
1752783725553 1.7038345336914062 166
1752783725718 1.7038345336914062 167
1752783725881 1.7038345336914062 168
1752783726057 1.7038345336914062 169
1752783726231 1.7038345336914062 170
1752783726452 1.7038345336914062 171
1752783726627 1.7038345336914062 172
1752783726782 1.7038345336914062 173
1752783726937 1.7038345336914062 174
1752783727100 1.7038345336914062 175
1752783727266 1.7038345336914062 176
1752783727441 1.7038345336914062 177
1752783727613 1.7038345336914062 178
1752783727783 1.7038345336914062 179
1752783727955 1.7038345336914062 180
1752783728128 1.7038345336914062 181
1752783728327 1.7038345336914062 182
1752783728493 1.7038345336914062 183
1752783728651 1.7038345336914062 184
1752783728824 1.7038345336914062 185
1752783728991 1.7038345336914062 186
1752783729162 1.7038345336914062 187
1752783729328 1.7038345336914062 188
1752783729494 1.7038345336914062 189
1752783729658 1.7039299011230469 190
1752783729841 1.7039299011230469 191
1752783730010 1.7039299011230469 192
1752783730182 1.7039299011230469 193
1752783730361 1.7039299011230469 194
1752783730527 1.70440673828125 195
1752783730682 1.70440673828125 196
1752783730839 1.70440673828125 197
1752783730998 1.70440673828125 198
1752783731167 1.70440673828125 199
1752783731342 1.7045021057128906 200
1752783731523 1.7045021057128906 201
1752783731684 1.7045021057128906 202
1752783731850 1.7045021057128906 203
1752783732018 1.7045021057128906 204
1752783732186 1.7045021057128906 205
1752783732354 1.7045021057128906 206
1752783732530 1.7045021057128906 207
1752783732694 1.7045021057128906 208
1752783732864 1.7045021057128906 209
1752783733070 1.7045021057128906 210
1752783733313 1.6576766967773438 211
1752783733505 1.6576766967773438 212
1752783733665 1.6576766967773438 213
1752783733832 1.6576766967773438 214
1752783733994 1.6576766967773438 215
1752783734182 1.6576766967773438 216
1752783734361 1.6574859619140625 217
1752783734539 1.6574859619140625 218
1752783734722 1.6574859619140625 219
1752783734903 1.6574859619140625 220
1752783735232 1.43280029296875 221
1752783735410 1.392364501953125 222
1752783735598 1.3927459716796875 223
1752783735760 1.3929367065429688 224
1752783735924 1.3930320739746094 225
1752783736105 1.3930320739746094 226
1752783736276 1.3930320739746094 227
1752783736446 1.3930320739746094 228
1752783736614 1.3930320739746094 229
1752783736786 1.3930320739746094 230
1752783736954 1.39312744140625 231
1752783737124 1.39312744140625 232
1752783737297 1.39312744140625 233
1752783737473 1.39312744140625 234
1752783737649 1.39312744140625 235
1752783737815 1.39312744140625 236
1752783737989 1.3932228088378906 237
1752783738154 1.3932228088378906 238
1752783738318 1.3932228088378906 239
1752783738482 1.3932228088378906 240
1752783738652 1.3932228088378906 241
1752783738821 1.3932228088378906 242
1752783738994 1.3932228088378906 243
1752783739168 1.3932228088378906 244
1752783739342 1.3932228088378906 245
1752783739522 1.3932228088378906 246
1752783739695 1.3932228088378906 247
1752783739870 1.3932228088378906 248
1752783740037 1.3932228088378906 249
1752783740205 1.3932228088378906 250
1752783740375 1.3932228088378906 251
1752783740534 1.3932228088378906 252
1752783740698 1.3932228088378906 253
1752783740862 1.3932228088378906 254
1752783741038 1.3932228088378906 255
1752783741204 1.3932228088378906 256
1752783741379 1.3932228088378906 257
1752783741542 1.3932228088378906 258
1752783741708 1.3932228088378906 259
1752783741873 1.3932228088378906 260
1752783742050 1.3933181762695312 261
1752783742221 1.3933181762695312 262
1752783742386 1.3933181762695312 263
1752783742558 1.3933181762695312 264
1752783742742 1.3933181762695312 265
1752783742925 1.3933181762695312 266
1752783743094 1.38702392578125 267
1752783743272 1.38702392578125 268
1752783743434 1.3822555541992188 269
1752783743611 1.3822555541992188 270
1752783743792 1.3822555541992188 271
1752783743965 1.3822555541992188 272
1752783744133 1.3822555541992188 273
1752783744305 1.3822555541992188 274
1752783744485 1.3822555541992188 275
1752783744668 1.3822555541992188 276
1752783744835 1.3822555541992188 277
1752783744995 1.3822555541992188 278
1752783745159 1.3822555541992188 279
1752783745324 1.3822555541992188 280
1752783745491 1.3822555541992188 281
1752783745665 1.3822555541992188 282
1752783745821 1.3822555541992188 283
1752783745978 1.3822555541992188 284
1752783746136 1.3822555541992188 285
1752783746290 1.3822555541992188 286
1752783746443 1.3823509216308594 287
1752783746605 1.3823509216308594 288
1752783746772 1.3823509216308594 289
1752783746953 1.3823509216308594 290
1752783747140 1.3824462890625 291
1752783747324 1.3824462890625 292
1752783747500 1.3824462890625 293
1752783747677 1.3824462890625 294
1752783747855 1.3824462890625 295
1752783748031 1.3824462890625 296
1752783748213 1.3824462890625 297
1752783748392 1.3824462890625 298
1752783748564 1.3824462890625 299
1752783748739 1.3824462890625 300
1752783748924 1.3826370239257812 301
1752783749104 1.3826370239257812 302
1752783749282 1.3826370239257812 303
1752783749463 1.3826370239257812 304
1752783749632 1.3829231262207031 305
1752783749816 1.3829231262207031 306
1752783749979 1.3829231262207031 307
1752783750154 1.3830184936523438 308
1752783750326 1.3830184936523438 309
1752783750515 1.3831138610839844 310
1752783750694 1.3833999633789062 311
1752783750868 1.3833999633789062 312
1752783751034 1.3833999633789062 313
1752783751194 1.3800621032714844 314
1752783751360 1.3800621032714844 315
1752783751540 1.3800621032714844 316
1752783751709 1.3800621032714844 317
1752783751888 1.3800621032714844 318
1752783752060 1.3800621032714844 319
1752783752245 1.3800621032714844 320
1752783752429 1.3800621032714844 321
1752783752604 1.3800621032714844 322
1752783752783 1.3800621032714844 323
1752783752966 1.3800621032714844 324
1752783753157 1.3800621032714844 325
1752783753337 1.3800621032714844 326
1752783753496 1.3800621032714844 327
1752783753668 1.3800621032714844 328
1752783753856 1.3800621032714844 329
1752783754034 1.3800621032714844 330
1752783754218 1.3563156127929688 331
1752783754399 1.3510704040527344 332
1752783754572 1.3507843017578125 333
1752783754744 1.3507843017578125 334
1752783754911 1.3352394104003906 335
1752783755074 1.3341903686523438 336
1752783755238 1.3341903686523438 337
1752783755400 1.3341903686523438 338
1752783755570 1.3341903686523438 339
1752783755741 1.3341903686523438 340
1752783755922 1.3341903686523438 341
1752783756092 1.3341903686523438 342
1752783756270 1.3341903686523438 343
1752783756440 1.3341903686523438 344
1752783756608 1.3341903686523438 345
1752783756777 1.3341903686523438 346
1752783756946 1.3341903686523438 347
1752783757111 1.3341903686523438 348
1752783757309 1.3346672058105469 349
1752783757475 1.3346672058105469 350
1752783757648 1.3346672058105469 351
1752783757822 1.3346672058105469 352
1752783757988 1.3347625732421875 353
1752783758170 1.3348579406738281 354
1752783758349 1.3348579406738281 355
1752783758531 1.3348579406738281 356
1752783758712 1.3348579406738281 357
1752783758893 1.3348579406738281 358
1752783759076 1.3349533081054688 359
1752783759238 1.3349533081054688 360
1752783759415 1.3349533081054688 361
1752783759580 1.3349533081054688 362
1752783759744 1.3349533081054688 363
1752783759910 1.3350486755371094 364
1752783760084 1.3350486755371094 365
1752783760247 1.3350486755371094 366
1752783760423 1.3353347778320312 367
1752783760612 1.3353347778320312 368
1752783760790 1.3353347778320312 369
1752783760975 1.3353347778320312 370
1752783761170 1.3353347778320312 371
1752783761350 1.3353347778320312 372
1752783761523 1.3354301452636719 373
1752783761706 1.3354301452636719 374
1752783761884 1.3354301452636719 375
1752783762062 1.3354301452636719 376
1752783762245 1.3354301452636719 377
1752783762425 1.3354301452636719 378
1752783762609 1.3354301452636719 379
1752783762792 1.3354301452636719 380
1752783762961 1.3354301452636719 381
1752783763118 1.3354301452636719 382
1752783763302 1.3354301452636719 383
1752783763483 1.3354301452636719 384
1752783763663 1.3354301452636719 385
1752783763845 1.3354301452636719 386
1752783764023 1.3354301452636719 387
1752783764205 1.3354301452636719 388
1752783764384 1.3354301452636719 389
1752783764565 1.3355255126953125 390
1752783764759 1.3355255126953125 391
1752783764942 1.3355255126953125 392
1752783765113 1.3355255126953125 393
1752783765293 1.3355255126953125 394
1752783765464 1.3355255126953125 395
1752783765630 1.3355255126953125 396
1752783765799 1.3355255126953125 397
1752783765970 1.3356208801269531 398
1752783766149 1.3356208801269531 399
1752783766313 1.3356208801269531 400
1752783766512 1.3356208801269531 401
1752783766697 1.3356208801269531 402
1752783766883 1.3356208801269531 403
1752783767061 1.3356208801269531 404
1752783767244 1.3356208801269531 405
1752783767426 1.3356208801269531 406
1752783767591 1.3356208801269531 407
1752783767769 1.3357162475585938 408
1752783767949 1.3357162475585938 409
1752783768125 1.3357162475585938 410
1752783768312 1.3357162475585938 411
1752783768501 1.3357162475585938 412
1752783768683 1.3357162475585938 413
1752783768864 1.3358116149902344 414
1752783769027 1.3358116149902344 415
1752783769189 1.3358116149902344 416
1752783769374 1.3358116149902344 417
1752783769546 1.3358116149902344 418
1752783769725 1.3358116149902344 419
1752783769909 1.3358116149902344 420
1752783770102 1.3358116149902344 421
1752783770282 1.3358116149902344 422
1752783770461 1.3358116149902344 423
1752783770647 1.3358116149902344 424
1752783770825 1.3358116149902344 425
1752783770998 1.3356208801269531 426
1752783771166 1.3356208801269531 427
1752783771347 1.3356208801269531 428
1752783771517 1.3356208801269531 429
1752783771696 1.3356208801269531 430
1752783771897 1.3356208801269531 431
1752783772068 1.3356208801269531 432
1752783772244 1.3356208801269531 433
1752783772424 1.3357162475585938 434
1752783772605 1.3357162475585938 435
1752783772784 1.3357162475585938 436
1752783772966 1.3357162475585938 437
1752783773146 1.3357162475585938 438
1752783773322 1.3357162475585938 439
1752783773494 1.3357162475585938 440
1752783773689 1.3357162475585938 441
1752783773873 1.3358116149902344 442
1752783774050 1.3358116149902344 443
1752783774217 1.3358116149902344 444
1752783774395 1.3358116149902344 445
1752783774578 1.3358116149902344 446
1752783774761 1.3358116149902344 447
1752783774944 1.3358116149902344 448
1752783775119 1.3358116149902344 449
1752783775302 1.3358116149902344 450
1752783775474 1.3358116149902344 451
1752783775647 1.3358116149902344 452
1752783775829 1.3358116149902344 453
1752783776012 1.3358116149902344 454
1752783776186 1.3358116149902344 455
1752783776368 1.3358116149902344 456
1752783776548 1.3358116149902344 457
1752783776726 1.335906982421875 458
1752783776901 1.335906982421875 459
1752783777080 1.335906982421875 460
1752783777280 1.335906982421875 461
1752783777454 1.335906982421875 462
1752783777629 1.335906982421875 463
1752783777805 1.335906982421875 464
1752783777972 1.335906982421875 465
1752783778146 1.335906982421875 466
1752783778326 1.3360023498535156 467
1752783778495 1.3360023498535156 468
1752783778677 1.3358116149902344 469
1752783778854 1.3358116149902344 470
1752783779031 1.3358116149902344 471
1752783779198 1.3358116149902344 472
1752783779379 1.3358116149902344 473
1752783779557 1.3358116149902344 474
1752783779740 1.3358116149902344 475
1752783779916 1.3358116149902344 476
1752783780083 1.3358116149902344 477
1752783780257 1.3357162475585938 478
1752783780434 1.3357162475585938 479
1752783780614 1.3358116149902344 480
1752783780802 1.3358116149902344 481
1752783780981 1.3358116149902344 482
1752783781161 1.3358116149902344 483
1752783781335 1.3358116149902344 484
1752783781516 1.3358116149902344 485
1752783781688 1.3358116149902344 486
1752783781869 1.3358116149902344 487
1752783782047 1.3358116149902344 488
1752783782224 1.3358116149902344 489
1752783782406 1.3358116149902344 490
1752783782601 1.3358116149902344 491
1752783782782 1.3358116149902344 492
1752783782964 1.3358116149902344 493
1752783783159 1.3358116149902344 494
1752783783334 1.3358116149902344 495
1752783783514 1.335906982421875 496
1752783783692 1.335906982421875 497
1752783783870 1.335906982421875 498
1752783784039 1.335906982421875 499
1752783784209 1.335906982421875 500
1752783784390 1.335906982421875 501
1752783784564 1.335906982421875 502
1752783784730 1.335906982421875 503
1752783784917 1.335906982421875 504
1752783785101 1.335906982421875 505
1752783785282 1.335906982421875 506
1752783785443 1.3360023498535156 507
1752783785623 1.3360023498535156 508
1752783785794 1.3360023498535156 509
1752783785964 1.3360023498535156 510
1752783786153 1.3360023498535156 511
1752783786329 1.3360023498535156 512
1752783786511 1.3360023498535156 513
1752783786691 1.3360023498535156 514
1752783786859 1.3360023498535156 515
1752783787043 1.3360977172851562 516
1752783787224 1.3360977172851562 517
1752783787408 1.3360977172851562 518
1752783787568 1.3360977172851562 519
1752783787742 1.3361930847167969 520
1752783787922 1.3362884521484375 521
1752783788099 1.3362884521484375 522
1752783788263 1.3362884521484375 523
1752783788429 1.3362884521484375 524
1752783788612 1.3362884521484375 525
1752783788794 1.3362884521484375 526
1752783788982 1.3362884521484375 527
1752783789170 1.3362884521484375 528
1752783789348 1.3362884521484375 529
1752783789528 1.3362884521484375 530
1752783789717 1.3362884521484375 531
1752783789895 1.3362884521484375 532
1752783790077 1.3362884521484375 533
1752783790259 1.3362884521484375 534
1752783790440 1.3362884521484375 535
1752783790622 1.3362884521484375 536
1752783790805 1.3362884521484375 537
1752783790993 1.3362884521484375 538
1752783791180 1.3362884521484375 539
1752783791368 1.3362884521484375 540
1752783791564 1.3355255126953125 541
1752783791742 1.3354301452636719 542
1752783791923 1.3354301452636719 543
1752783792098 1.3354301452636719 544
1752783792279 1.3354301452636719 545
1752783792463 1.3355255126953125 546
1752783792656 1.3355255126953125 547
1752783792830 1.3356208801269531 548
1752783793016 1.3358116149902344 549
1752783793181 1.335906982421875 550
1752783793363 1.335906982421875 551
1752783793529 1.335906982421875 552
1752783793697 1.335906982421875 553
1752783793865 1.335906982421875 554
1752783794044 1.335906982421875 555
1752783794215 1.3360023498535156 556
1752783794379 1.3360977172851562 557
1752783794553 1.3360977172851562 558
1752783794719 1.3360977172851562 559
1752783794891 1.3360977172851562 560
1752783795075 1.3360977172851562 561
1752783795246 1.3360977172851562 562
1752783795545 1.3345718383789062 563
1752783795718 1.3352394104003906 564
1752783795882 1.3352394104003906 565
1752783796061 1.3352394104003906 566
1752783796265 1.3352394104003906 567
1752783796434 1.3353347778320312 568
1752783796600 1.3353347778320312 569
1752783796783 1.3353347778320312 570
1752783796974 1.3353347778320312 571
1752783797148 1.3353347778320312 572
1752783797326 1.3353347778320312 573
1752783797511 1.3353347778320312 574
1752783797691 1.3353347778320312 575
1752783797871 1.3353347778320312 576
1752783798045 1.3353347778320312 577
1752783798213 1.3353347778320312 578
1752783798392 1.3353347778320312 579
1752783798573 1.3353347778320312 580
1752783798764 1.3353347778320312 581
1752783798940 1.3353347778320312 582
1752783799123 1.3353347778320312 583
1752783799304 1.3353347778320312 584
1752783799483 1.3353347778320312 585
1752783799661 1.3353347778320312 586
1752783799844 1.3353347778320312 587
1752783800028 1.3354301452636719 588
1752783800211 1.3354301452636719 589
1752783800391 1.3354301452636719 590
1752783800584 1.3354301452636719 591
1752783800767 1.3354301452636719 592
1752783800948 1.3355255126953125 593
1752783801130 1.3355255126953125 594
1752783801312 1.3355255126953125 595
1752783801483 1.3355255126953125 596
1752783801662 1.3355255126953125 597
1752783801842 1.3356208801269531 598
1752783802023 1.3356208801269531 599
1752783802198 1.3356208801269531 600
1752783802386 1.3358116149902344 601
1752783802564 1.3358116149902344 602
1752783802751 1.3358116149902344 603
1752783802931 1.3358116149902344 604
1752783803114 1.335906982421875 605
1752783803299 1.335906982421875 606
1752783803463 1.335906982421875 607
1752783803635 1.335906982421875 608
1752783803812 1.335906982421875 609
1752783803977 1.335906982421875 610
1752783804167 1.335906982421875 611
1752783804343 1.335906982421875 612
1752783804523 1.335906982421875 613
1752783804693 1.3361930847167969 614
1752783804867 1.3361930847167969 615
1752783805052 1.3362884521484375 616
1752783805234 1.3362884521484375 617
1752783805408 1.3362884521484375 618
1752783805579 1.3362884521484375 619
1752783805764 1.3362884521484375 620
1752783805954 1.3362884521484375 621
1752783806131 1.3362884521484375 622
1752783806303 1.3362884521484375 623
1752783806482 1.3362884521484375 624
1752783806666 1.3362884521484375 625
1752783806850 1.3363838195800781 626
1752783807034 1.3363838195800781 627
1752783807214 1.3363838195800781 628
1752783807388 1.3363838195800781 629
1752783807560 1.3363838195800781 630
1752783807744 1.3363838195800781 631
1752783807923 1.3363838195800781 632
1752783808098 1.3363838195800781 633
1752783808280 1.3363838195800781 634
1752783808453 1.3363838195800781 635
1752783808642 1.3363838195800781 636
1752783808840 1.3363838195800781 637
1752783809023 1.3363838195800781 638
1752783809195 1.3364791870117188 639
1752783809375 1.3364791870117188 640
1752783809563 1.3364791870117188 641
1752783809735 1.3364791870117188 642
1752783809913 1.3364791870117188 643
1752783810090 1.3364791870117188 644
1752783810266 1.3364791870117188 645
1752783810436 1.3364791870117188 646
1752783810624 1.3364791870117188 647
1752783810807 1.3364791870117188 648
1752783810995 1.3364791870117188 649
1752783811183 1.3364791870117188 650
1752783811384 1.3364791870117188 651
1752783811556 1.3364791870117188 652
1752783811735 1.3364791870117188 653
1752783811914 1.3364791870117188 654
1752783812102 1.3361930847167969 655
1752783812282 1.3361930847167969 656
1752783812473 1.3361930847167969 657
1752783812665 1.3361930847167969 658
1752783812855 1.3361930847167969 659
1752783813060 1.3361930847167969 660
1752783813244 1.3362884521484375 661
1752783813421 1.3362884521484375 662
1752783813595 1.3362884521484375 663
1752783813766 1.3362884521484375 664
1752783813943 1.3362884521484375 665
1752783814113 1.3362884521484375 666
1752783814275 1.3362884521484375 667
1752783814448 1.3362884521484375 668
1752783814618 1.3362884521484375 669
1752783814791 1.3362884521484375 670
1752783815045 1.3365745544433594 671
1752783815227 1.3363838195800781 672
1752783815403 1.3363838195800781 673
1752783815573 1.3363838195800781 674
1752783815756 1.3363838195800781 675
1752783815929 1.3364791870117188 676
1752783816099 1.3364791870117188 677
1752783816271 1.3364791870117188 678
1752783816443 1.3364791870117188 679
1752783816625 1.3364791870117188 680
1752783816821 1.3364791870117188 681
1752783816995 1.3364791870117188 682
1752783817174 1.3364791870117188 683
1752783817359 1.3364791870117188 684
1752783817535 1.3364791870117188 685
1752783817714 1.3364791870117188 686
1752783817885 1.3364791870117188 687
1752783818060 1.3364791870117188 688
1752783818240 1.3364791870117188 689
1752783818420 1.3364791870117188 690
1752783818619 1.3364791870117188 691
1752783818803 1.3364791870117188 692
1752783818981 1.3364791870117188 693
1752783819157 1.3364791870117188 694
1752783819331 1.3364791870117188 695
1752783819505 1.3364791870117188 696
1752783819684 1.3364791870117188 697
1752783819865 1.3364791870117188 698
1752783820044 1.3364791870117188 699
1752783820214 1.3364791870117188 700
1752783820404 1.3364791870117188 701
1752783820574 1.3364791870117188 702
1752783820758 1.3365745544433594 703
1752783820924 1.336669921875 704
1752783821103 1.336669921875 705
1752783821274 1.336669921875 706
1752783821449 1.336669921875 707
1752783821633 1.336669921875 708
1752783821808 1.336669921875 709
1752783821975 1.336669921875 710
1752783822161 1.336669921875 711
1752783822330 1.336669921875 712
1752783822509 1.336669921875 713
1752783822693 1.336669921875 714
1752783822868 1.336669921875 715
1752783823053 1.336669921875 716
1752783823222 1.336669921875 717
1752783823394 1.336669921875 718
1752783823572 1.336669921875 719
1752783823811 1.3364791870117188 720
1752783824007 1.3365745544433594 721
1752783824193 1.3365745544433594 722
1752783824381 1.3365745544433594 723
1752783824568 1.336669921875 724
1752783824751 1.3368606567382812 725
1752783824938 1.3368606567382812 726
1752783825132 1.3364791870117188 727
1752783825302 1.3364791870117188 728
1752783825484 1.3364791870117188 729
1752783825658 1.3364791870117188 730
1752783825859 1.3363838195800781 731
1752783826113 1.3363838195800781 732
1752783826289 1.3363838195800781 733
1752783826458 1.3363838195800781 734
1752783826626 1.3363838195800781 735
1752783826788 1.3363838195800781 736
1752783826953 1.3363838195800781 737
1752783827121 1.3363838195800781 738
1752783827292 1.3363838195800781 739
1752783827458 1.3363838195800781 740
1752783827644 1.3363838195800781 741
1752783827815 1.3363838195800781 742
1752783827997 1.3363838195800781 743
1752783828178 1.3363838195800781 744
1752783828361 1.3363838195800781 745
1752783828549 1.3363838195800781 746
1752783828739 1.3363838195800781 747
1752783828923 1.3363838195800781 748
1752783829112 1.3363838195800781 749
1752783829288 1.3363838195800781 750
1752783829479 1.3363838195800781 751
1752783829665 1.3363838195800781 752
1752783829845 1.3364791870117188 753
1752783830029 1.3365745544433594 754
1752783830204 1.3365745544433594 755
1752783830383 1.3365745544433594 756
1752783830562 1.3365745544433594 757
1752783830751 1.3365745544433594 758
1752783830942 1.3365745544433594 759
1752783831133 1.3365745544433594 760
1752783831331 1.3365745544433594 761
1752783831505 1.3365745544433594 762
1752783831696 1.3365745544433594 763
1752783831883 1.3365745544433594 764
1752783832074 1.3365745544433594 765
1752783832253 1.3365745544433594 766
1752783832442 1.3365745544433594 767
1752783832633 1.3365745544433594 768
1752783832817 1.3365745544433594 769
1752783833005 1.3365745544433594 770
1752783833205 1.3365745544433594 771
1752783833392 1.3365745544433594 772
1752783833571 1.3365745544433594 773
1752783833755 1.3365745544433594 774
1752783833944 1.3365745544433594 775
1752783834113 1.3367652893066406 776
1752783834300 1.3365745544433594 777
1752783834470 1.3365745544433594 778
1752783834652 1.3365745544433594 779
1752783834818 1.3365745544433594 780
1752783835038 1.3364791870117188 781
1752783835230 1.3364791870117188 782
1752783835448 1.336669921875 783
1752783835634 1.336669921875 784
1752783835819 1.3368606567382812 785
1752783835992 1.3368606567382812 786
1752783836168 1.3368606567382812 787
1752783836344 1.3368606567382812 788
1752783836523 1.3368606567382812 789
1752783836695 1.3368606567382812 790
1752783836894 1.3368606567382812 791
1752783837073 1.3368606567382812 792
1752783837252 1.3368606567382812 793
1752783837435 1.3368606567382812 794
1752783837613 1.3368606567382812 795
1752783837794 1.3368606567382812 796
1752783837973 1.3368606567382812 797
1752783838140 1.3368606567382812 798
1752783838311 1.3368606567382812 799
1752783838494 1.3368606567382812 800
1752783838686 1.3369560241699219 801
1752783838867 1.3370513916015625 802
1752783839052 1.3370513916015625 803
1752783839231 1.3370513916015625 804
1752783839401 1.3370513916015625 805
1752783839591 1.3372421264648438 806
1752783839763 1.3373374938964844 807
1752783839948 1.3377189636230469 808
1752783840116 1.3377189636230469 809
1752783840297 1.3377189636230469 810
1752783840493 1.3377189636230469 811
1752783840678 1.3377189636230469 812
1752783840858 1.3377189636230469 813
1752783841042 1.3377189636230469 814
1752783841221 1.3377189636230469 815
1752783841394 1.3377189636230469 816
1752783841574 1.3377189636230469 817
1752783841754 1.3377189636230469 818
1752783841929 1.3377189636230469 819
1752783842105 1.3377189636230469 820
1752783842301 1.3377189636230469 821
1752783842472 1.3377189636230469 822
1752783842645 1.3377189636230469 823
1752783842824 1.3377189636230469 824
1752783842995 1.3377189636230469 825
1752783843168 1.3377189636230469 826
1752783843339 1.3377189636230469 827
1752783843505 1.3377189636230469 828
1752783843678 1.3377189636230469 829
1752783843855 1.3377189636230469 830
1752783844045 1.3377189636230469 831
1752783844229 1.3378143310546875 832
1752783844404 1.3378143310546875 833
1752783844584 1.3378143310546875 834
1752783844768 1.3379096984863281 835
1752783844946 1.3379096984863281 836
1752783845118 1.3379096984863281 837
1752783845290 1.3379096984863281 838
1752783845475 1.3380050659179688 839
1752783845649 1.3380050659179688 840
1752783845843 1.3400077819824219 841
1752783846019 1.3405799865722656 842
1752783846192 1.3411521911621094 843
1752783846374 1.3411521911621094 844
1752783846584 1.3411521911621094 845
1752783846754 1.3417243957519531 846
1752783846923 1.3417243957519531 847
1752783847097 1.3417243957519531 848
1752783847266 1.3417243957519531 849
1752783847451 1.3417243957519531 850
1752783847638 1.3417243957519531 851
1752783847814 1.3418197631835938 852
1752783847982 1.3418197631835938 853
1752783848162 1.3418197631835938 854
1752783848337 1.3418197631835938 855
1752783848515 1.3423919677734375 856
1752783848694 1.3423919677734375 857
1752783848873 1.3423919677734375 858
1752783849049 1.3423919677734375 859
1752783849220 1.3423919677734375 860
1752783849410 1.3423919677734375 861
1752783849592 1.3423919677734375 862
1752783849767 1.3429641723632812 863
1752783849948 1.3429641723632812 864
1752783850119 1.3429641723632812 865
1752783850298 1.3429641723632812 866
1752783850467 1.3429641723632812 867
1752783850648 1.3429641723632812 868
1752783850826 1.3427734375 869
1752783851011 1.3427734375 870
1752783851213 1.3427734375 871
1752783851394 1.3427734375 872
1752783851578 1.3427734375 873
1752783851782 1.3430595397949219 874
1752783851982 1.3429641723632812 875
1752783852175 1.3429641723632812 876
1752783852343 1.3432502746582031 877
1752783852520 1.343536376953125 878
1752783852692 1.3438224792480469 879
1752783852861 1.3438224792480469 880
1752783853045 1.3438224792480469 881
1752783853217 1.3438224792480469 882
1752783853389 1.3438224792480469 883
1752783853558 1.3441085815429688 884
1752783853734 1.3441085815429688 885
1752783853923 1.3443946838378906 886
1752783854110 1.3443946838378906 887
1752783854288 1.3461112976074219 888
1752783854466 1.3461112976074219 889
1752783854650 1.3463973999023438 890
1752783854851 1.3469696044921875 891
1752783855041 1.3475418090820312 892
1752783855218 1.3476371765136719 893
1752783855403 1.3476371765136719 894
1752783855627 1.3476371765136719 895
1752783855806 1.3476371765136719 896
1752783855977 1.3478279113769531 897
1752783856148 1.3478279113769531 898
1752783856319 1.3478279113769531 899
1752783856492 1.3479232788085938 900
1752783856719 1.348114013671875 901
1752783856888 1.348114013671875 902
1752783857065 1.3483047485351562 903
1752783857240 1.3483047485351562 904
1752783857414 1.3483047485351562 905
1752783857598 1.3483047485351562 906
1752783857774 1.3483047485351562 907
1752783857958 1.3483047485351562 908
1752783858139 1.3483047485351562 909
1752783858330 1.3484001159667969 910
1752783858521 1.3484001159667969 911
1752783858691 1.3485908508300781 912
1752783858866 1.3485908508300781 913
1752783859051 1.3485908508300781 914
1752783859246 1.3485908508300781 915
1752783859438 1.3485908508300781 916
1752783859637 1.3485908508300781 917
1752783859816 1.3485908508300781 918
1752783859997 1.3485908508300781 919
1752783860177 1.3485908508300781 920
1752783860377 1.3485908508300781 921
1752783860563 1.3485908508300781 922
1752783860751 1.3485908508300781 923
1752783860932 1.3482093811035156 924
1752783861114 1.3484954833984375 925
1752783861298 1.3484954833984375 926
1752783861483 1.3484954833984375 927
1752783861668 1.3484954833984375 928
1752783861849 1.3484954833984375 929
1752783862035 1.3484954833984375 930
1752783862233 1.3480186462402344 931
1752783862418 1.3480186462402344 932
1752783862603 1.3480186462402344 933
1752783862792 1.3480186462402344 934
1752783862976 1.3480186462402344 935
1752783863167 1.3480186462402344 936
1752783863352 1.3480186462402344 937
1752783863534 1.3480186462402344 938
1752783863705 1.3480186462402344 939
1752783863883 1.348114013671875 940
1752783864087 1.3482093811035156 941
1752783864260 1.3482093811035156 942
1752783864450 1.3482093811035156 943
1752783864626 1.3482093811035156 944
1752783864809 1.3482093811035156 945
1752783864992 1.3483047485351562 946
1752783865183 1.3483047485351562 947
1752783865362 1.3483047485351562 948
1752783865545 1.3483047485351562 949
1752783865723 1.3483047485351562 950
1752783865920 1.3484001159667969 951
1752783866095 1.3484001159667969 952
1752783866267 1.3484001159667969 953
1752783866443 1.3484001159667969 954
1752783866644 1.3484001159667969 955
1752783866844 1.348876953125 956
1752783867024 1.348876953125 957
1752783867203 1.348876953125 958
1752783867382 1.348876953125 959
1752783867630 1.3492584228515625 960
1752783867846 1.3489723205566406 961
1752783868029 1.3489723205566406 962
1752783868209 1.3489723205566406 963
1752783868392 1.3489723205566406 964
1752783868568 1.3489723205566406 965
1752783868750 1.3490676879882812 966
1752783868925 1.3490676879882812 967
1752783869107 1.3490676879882812 968
1752783869293 1.3490676879882812 969
1752783869524 1.3491630554199219 970
1752783869732 1.3491630554199219 971
1752783869913 1.3491630554199219 972
1752783870097 1.3491630554199219 973
1752783870279 1.3491630554199219 974
1752783870461 1.3491630554199219 975
1752783870658 1.3491630554199219 976
1752783870845 1.3491630554199219 977
1752783871037 1.3491630554199219 978
1752783871230 1.3491630554199219 979
1752783871423 1.3491630554199219 980
1752783871624 1.3491630554199219 981
1752783871807 1.3491630554199219 982
1752783872000 1.3491630554199219 983
1752783872185 1.3491630554199219 984
1752783872374 1.3491630554199219 985
1752783872561 1.3491630554199219 986
1752783872755 1.3491630554199219 987
1752783872948 1.3492584228515625 988
1752783873138 1.3492584228515625 989
1752783873328 1.3493537902832031 990
1752783873527 1.3493537902832031 991
1752783873719 1.3493537902832031 992
1752783873909 1.3493537902832031 993
1752783874096 1.3493537902832031 994
1752783874281 1.3493537902832031 995
1752783874464 1.3493537902832031 996
1752783874657 1.3493537902832031 997
1752783874851 1.3493537902832031 998
1752783875045 1.3493537902832031 999
