1752783696810 0.6447809116885712 0
1752783696989 0.4491345049462172 1
1752783697160 0.43486832661220903 2
1752783697336 0.3401688799951382 3
1752783697512 0.3458594178376455 4
1752783697680 0.42939220852906623 5
1752783697852 0.4242770188536921 6
1752783698025 0.5195734323698864 7
1752783698200 0.5232317017098962 8
1752783698372 0.704078193513858 9
1752783698547 0.39391859994785733 10
1752783698728 0.44908497208280435 11
1752783698896 0.346504508329352 12
1752783699072 0.5478940574696689 13
1752783699244 0.5715818227261951 14
1752783699410 0.4697289434211849 15
1752783699574 0.6327489488614778 16
1752783699744 0.512421869158934 17
1752783699915 0.6255318259182234 18
1752783700091 0.4305929353135444 19
1752783700267 0.4463146098606816 20
1752783700446 0.5078497657463446 21
1752783700618 0.3655471797093011 22
1752783700788 0.5484153522510778 23
1752783700955 0.40256180285326143 24
1752783701131 0.45991016935439816 25
1752783701304 0.3518918422375012 26
1752783701473 0.4113406598183697 27
1752783701645 0.46368390139178634 28
1752783701819 0.23574122856466645 29
1752783701995 0.6842437144998093 30
1752783702158 0.4585742785129289 31
1752783702332 0.6058160718373451 32
1752783702502 0.3440188903689281 33
1752783702696 0.35955721873682844 34
1752783702867 0.42901906040028653 35
1752783703035 0.41322576846525466 36
1752783703208 0.3637946491369052 37
1752783703380 0.6724773617169985 38
1752783703554 0.4637445036141707 39
1752783703727 0.4434837172440524 40
1752783703895 0.6428051080950354 41
1752783704065 0.5129547325473353 42
1752783704238 0.4461739014546689 43
1752783704408 0.5332565265177741 44
1752783704581 0.551407793574854 45
1752783704755 0.5985486849713625 46
1752783704931 0.6905376490043014 47
1752783705104 0.4932444189724209 48
1752783705274 0.6293294205481375 49
1752783705440 0.3725695696936673 50
1752783705615 0.5278093821220174 51
1752783705779 0.5693291145988159 52
1752783705946 0.4361717051887664 53
1752783706118 0.4826036140069519 54
1752783706289 0.40171226003859656 55
1752783706461 0.6617825848283607 56
1752783706625 0.422003001035897 57
1752783706804 0.48713552753836487 58
1752783706975 0.5964312101318163 59
1752783707150 0.5441187947435772 60
1752783707320 0.4626968692033849 61
1752783707493 0.46060525587671064 62
1752783707667 0.45045071908197953 63
1752783707840 0.5160287234166492 64
1752783708011 0.5248472109256748 65
1752783708191 0.34684087667094593 66
1752783708358 0.5204321238782953 67
1752783708530 0.29962219826698716 68
1752783708704 0.3737549294372792 69
1752783708871 0.4090548863803393 70
1752783709050 0.44101906718894746 71
1752783709224 0.47075092383767836 72
1752783709390 0.5331155096975773 73
1752783709554 0.5612611524568318 74
1752783709723 0.5146071383439271 75
1752783709891 0.45724098106247413 76
1752783710063 0.42722606141106495 77
1752783710240 0.5294824537492547 78
1752783710409 0.32987543576487893 79
1752783710584 0.5605952804847569 80
1752783710755 0.6770029932180818 81
1752783710930 0.6781845169102088 82
1752783711105 0.36961726073325385 83
1752783711281 0.60975649347077 84
1752783711453 0.6840310051072632 85
1752783711629 0.5747935050523848 86
1752783711801 0.6557418474301062 87
1752783711973 0.7484599669545997 88
1752783712144 0.6298446976660066 89
1752783712314 0.5589114245728269 90
1752783712493 0.4527955259561867 91
1752783712668 0.6295859693536878 92
1752783712842 0.6326118376713767 93
1752783713018 0.2584859248199359 94
1752783713179 0.547424312619125 95
1752783713348 0.5225488241842994 96
1752783713523 0.5348752953082105 97
1752783713688 0.5260959539077259 98
1752783713859 0.34460388477994136 99
1752783714033 0.4829149775214707 100
1752783714206 0.6347141302465923 101
1752783714378 0.4670099118426519 102
1752783714555 0.5600799722052339 103
1752783714730 0.5397051215719827 104
1752783714904 0.5396156654863011 105
1752783715080 0.5069125955501015 106
1752783715243 0.41260704426930644 107
1752783715411 0.4992049923084061 108
1752783715579 0.44945403967853825 109
1752783715754 0.5696183511236568 110
1752783715929 0.46457076519395796 111
1752783716103 0.42206143909157356 112
1752783716274 0.4700052023231654 113
1752783716447 0.4578340075842031 114
1752783716621 0.5529906880456968 115
1752783716795 0.5661631311656828 116
1752783716972 0.44122142655438257 117
1752783717145 0.4294696636575465 118
1752783717320 0.4702510633565191 119
1752783717481 0.31713632982172735 120
1752783717673 0.5207221915630528 121
1752783717835 0.6290782015282128 122
1752783718008 0.5307834044501824 123
1752783718179 0.6632454386427301 124
1752783718354 0.5150080075018353 125
1752783718531 0.5990775493991575 126
1752783718709 0.48851705849046545 127
1752783718883 0.4217742859039967 128
1752783719058 0.5648496226920894 129
1752783719232 0.6484815601631074 130
1752783719403 0.6090325432300391 131
1752783719574 0.4820440396259619 132
1752783719747 0.49870657945548436 133
1752783719910 0.5510534827838992 134
1752783720084 0.6754675965762309 135
1752783720257 0.6339228227177709 136
1752783720430 0.5618057814935798 137
1752783720609 0.5303709095655388 138
1752783720786 0.4951897458684928 139
1752783720963 0.5622196660899813 140
1752783721145 0.47073634425064464 141
1752783721319 0.555544053246113 142
1752783721492 0.5142442818131945 143
1752783721665 0.36353861350998234 144
1752783721839 0.42099039838963087 145
1752783722012 0.5621396036324414 146
1752783722188 0.5320337364658283 147
1752783722362 0.4777100524723155 148
1752783722532 0.6260800299588318 149
1752783722707 0.3664500543939652 150
1752783722886 0.47312312906455406 151
1752783723062 0.4734957384915374 152
1752783723240 0.34832872598986103 153
1752783723410 0.26792320686698473 154
1752783723579 0.3858314632053457 155
1752783723754 0.5234933518322252 156
1752783723924 0.5985374334360322 157
1752783724098 0.415899992223109 158
1752783724273 0.30170652953615607 159
1752783724447 0.5285456524681761 160
1752783724630 0.3965514463564727 161
1752783724797 0.5083945573272072 162
1752783724974 0.5407105311355583 163
1752783725133 0.6021203111390261 164
1752783725391 0.5244064924129545 165
1752783725553 0.549932635269418 166
1752783725718 0.4110346042448347 167
1752783725881 0.5912309540134315 168
1752783726057 0.5237960044351815 169
1752783726231 0.48226401217207937 170
1752783726452 0.5137267671053124 171
1752783726627 0.3879222863183879 172
1752783726782 0.37469978130829346 173
1752783726937 0.5872428723263846 174
1752783727100 0.45876413028609464 175
1752783727266 0.5004351488976898 176
1752783727441 0.25552637819011165 177
1752783727613 0.41732226408216055 178
1752783727783 0.5330451192645393 179
1752783727955 0.5759861924011311 180
1752783728128 0.4013843006390332 181
1752783728327 0.3054583153516363 182
1752783728493 0.41785140675205573 183
1752783728651 0.6179274626793115 184
1752783728824 0.6349302519990605 185
1752783728991 0.5886741842013878 186
1752783729162 0.4973479311003283 187
1752783729328 0.38234443000006235 188
1752783729494 0.6596866381620501 189
1752783729658 0.5019390312419945 190
1752783729841 0.5234410696874551 191
1752783730010 0.6605217283327088 192
1752783730182 0.38597707966030464 193
1752783730361 0.5211407743002496 194
1752783730527 0.4841143761195284 195
1752783730682 0.4617357527106394 196
1752783730839 0.5214163364097996 197
1752783730998 0.5705615535598573 198
1752783731167 0.3269438934817248 199
1752783731342 0.48461152403957714 200
1752783731523 0.6871843796155327 201
1752783731684 0.417973578406863 202
1752783731850 0.601075149534824 203
1752783732018 0.43601438312127505 204
1752783732186 0.5757468896110102 205
1752783732354 0.5614671610899151 206
1752783732530 0.3897653729348898 207
1752783732694 0.43703393228985005 208
1752783732864 0.49411874950509593 209
1752783733070 0.42392336847490736 210
1752783733313 0.5800815429767999 211
1752783733505 0.522422375995496 212
1752783733665 0.5990667634259913 213
1752783733832 0.6854697854951847 214
1752783733994 0.6739781339569536 215
1752783734182 0.5666151433887109 216
1752783734361 0.5489977645470502 217
1752783734539 0.5233722402320438 218
1752783734722 0.422696553290026 219
1752783734903 0.5643632695665444 220
1752783735232 0.7497474772231095 221
1752783735410 0.42482488297926735 222
1752783735598 0.4558724347892706 223
1752783735760 0.5046189597034573 224
1752783735924 0.39176205438127043 225
1752783736105 0.709339450557201 226
1752783736276 0.35285338757741147 227
1752783736446 0.40975787166976985 228
1752783736614 0.6217053429914715 229
1752783736786 0.4170025740125013 230
1752783736954 0.5097318702957823 231
1752783737124 0.6155638327547355 232
1752783737297 0.47421051838193523 233
1752783737473 0.39093245818751604 234
1752783737649 0.611016500918351 235
1752783737815 0.4369357906251048 236
1752783737989 0.6712998084720534 237
1752783738154 0.4365411433959686 238
1752783738318 0.6108456725819214 239
1752783738482 0.5169919059249953 240
1752783738652 0.6160374024871476 241
1752783738821 0.6221837385787529 242
1752783738994 0.6062935889252865 243
1752783739168 0.5639036536327297 244
1752783739342 0.4792097670340229 245
1752783739522 0.32656262656991053 246
1752783739695 0.5748524797651253 247
1752783739870 0.353065986841089 248
1752783740037 0.6358082410752482 249
1752783740205 0.4039224034681334 250
1752783740375 0.5514659426674553 251
1752783740534 0.5451360847225473 252
1752783740698 0.4422833398096026 253
1752783740862 0.4263174355555211 254
1752783741038 0.3354711986193436 255
1752783741204 0.5912942399109858 256
1752783741379 0.598542784502233 257
1752783741542 0.4686579003166011 258
1752783741708 0.5248973988937004 259
1752783741873 0.6393587110291085 260
1752783742050 0.5009124022770823 261
1752783742221 0.5740679295700637 262
1752783742386 0.6148664028931284 263
1752783742558 0.6674869162493957 264
1752783742742 0.5598746216427437 265
1752783742925 0.46516236339877054 266
1752783743094 0.5471440097436796 267
1752783743272 0.41916131960592357 268
1752783743434 0.3962226689370311 269
1752783743611 0.5592486981299667 270
1752783743792 0.30651543576839746 271
1752783743965 0.42942090610550954 272
1752783744133 0.45306394818036627 273
1752783744305 0.6504675592721326 274
1752783744485 0.3505338322921144 275
1752783744668 0.48680350012644386 276
1752783744835 0.46976258367034784 277
1752783744995 0.5476935531925758 278
1752783745159 0.44046830977008444 279
1752783745324 0.3290671004845434 280
1752783745491 0.3701423201444965 281
1752783745665 0.3572932550456024 282
1752783745821 0.4997087819112255 283
1752783745978 0.6097968533153761 284
1752783746136 0.3726020687666065 285
1752783746290 0.40652852978761994 286
1752783746443 0.389396001169909 287
1752783746605 0.6439592412784848 288
1752783746772 0.5233429680930971 289
1752783746953 0.4926934919199762 290
1752783747140 0.4217528984950579 291
1752783747324 0.6051836121881107 292
1752783747500 0.5408693561553662 293
1752783747677 0.3974233103843462 294
1752783747855 0.45695108008884 295
1752783748031 0.5045213152835989 296
1752783748213 0.4906231821265079 297
1752783748392 0.37961654934909744 298
1752783748564 0.585099431094874 299
1752783748739 0.43774458823469203 300
1752783748924 0.360395560319951 301
1752783749104 0.408768647320072 302
1752783749282 0.34648208920580587 303
1752783749463 0.41361077770911386 304
1752783749632 0.5338731154016075 305
1752783749816 0.5424102721958374 306
1752783749979 0.7339005556014205 307
1752783750154 0.4099824576497055 308
1752783750326 0.6965336263935398 309
1752783750515 0.48774298038756697 310
1752783750694 0.4305467744233506 311
1752783750868 0.3613610503967502 312
1752783751034 0.4711477110161929 313
1752783751194 0.7132399174945823 314
1752783751360 0.5437266941421494 315
1752783751540 0.5759373013333798 316
1752783751709 0.5397734500592851 317
1752783751888 0.4479123429537023 318
1752783752060 0.5164958183506104 319
1752783752245 0.3709583193397027 320
1752783752429 0.4684281635414133 321
1752783752604 0.5502528286133805 322
1752783752783 0.5438509651617525 323
1752783752966 0.5346936647973198 324
1752783753157 0.4574186125639421 325
1752783753337 0.5413925342761381 326
1752783753496 0.4774994552381195 327
1752783753668 0.6433380492720371 328
1752783753856 0.47166346237509305 329
1752783754034 0.33183371116322313 330
1752783754218 0.5256665231966892 331
1752783754399 0.5505381343526983 332
1752783754572 0.4906864571850841 333
1752783754744 0.6235218172885446 334
1752783754911 0.5342910574074173 335
1752783755074 0.4446192218990972 336
1752783755238 0.47684704287034285 337
1752783755400 0.39768083647952335 338
1752783755570 0.48230537855860206 339
1752783755741 0.47101633098707507 340
1752783755922 0.4157835573882938 341
1752783756092 0.5316608776531616 342
1752783756270 0.3664037793619171 343
1752783756440 0.4275837140401188 344
1752783756608 0.7498291136391845 345
1752783756777 0.5088569764760519 346
1752783756946 0.4649336894523111 347
1752783757111 0.5300457391585386 348
1752783757309 0.5876528267405158 349
1752783757475 0.48064824288988706 350
1752783757648 0.6091808648306577 351
1752783757822 0.44367007196871755 352
1752783757988 0.5893922652332398 353
1752783758170 0.3761001455148873 354
1752783758349 0.5701557854998228 355
1752783758531 0.6156364352974447 356
1752783758712 0.6709401721041901 357
1752783758893 0.49851990648094474 358
1752783759076 0.468552466935136 359
1752783759238 0.37853667493351756 360
1752783759415 0.5809628041748452 361
1752783759580 0.44872067724309705 362
1752783759744 0.4249349020602186 363
1752783759910 0.44985731452596545 364
1752783760084 0.5402130819422497 365
1752783760247 0.5339134218633955 366
1752783760423 0.7032899345363344 367
1752783760612 0.6855882787797758 368
1752783760790 0.4436422553920996 369
1752783760975 0.5577680844839875 370
1752783761170 0.49680122821289713 371
1752783761350 0.39613445501124045 372
1752783761523 0.6407724780283073 373
1752783761706 0.5126091221144319 374
1752783761884 0.5403260589700398 375
1752783762062 0.4802009909613077 376
1752783762245 0.4487390273775759 377
1752783762425 0.5212647936175816 378
1752783762609 0.43055151078621917 379
1752783762792 0.5489123181326986 380
1752783762961 0.49941879100667763 381
1752783763118 0.6099770649139897 382
1752783763302 0.44389073851431604 383
1752783763483 0.5460384759949924 384
1752783763663 0.6608440161471367 385
1752783763845 0.41599891214249773 386
1752783764023 0.3780172703118068 387
1752783764205 0.4264705072531548 388
1752783764384 0.55401283769045 389
1752783764565 0.6186640156094444 390
1752783764759 0.4059942376814544 391
1752783764942 0.6224153956693073 392
1752783765113 0.44913621043831153 393
1752783765293 0.6485346993050801 394
1752783765464 0.37870913675837 395
1752783765630 0.4125176905911177 396
1752783765799 0.4472555373066024 397
1752783765970 0.4611049641040446 398
1752783766149 0.5963792095529784 399
1752783766313 0.49297645498048787 400
1752783766512 0.5758008681450217 401
1752783766697 0.40100043465731067 402
1752783766883 0.6325519147786378 403
1752783767061 0.6266689603394582 404
1752783767244 0.47922930738781244 405
1752783767426 0.4628828977907618 406
1752783767591 0.5876386437763352 407
1752783767769 0.49386497526335876 408
1752783767949 0.602358130491761 409
1752783768125 0.5188519408020006 410
1752783768312 0.4113300788579428 411
1752783768501 0.5431380023616199 412
1752783768683 0.5738014175156412 413
1752783768864 0.4079069231059852 414
1752783769027 0.6053725324586214 415
1752783769189 0.32316535609329544 416
1752783769374 0.5383469776192854 417
1752783769546 0.6023858507705115 418
1752783769725 0.4303366941103482 419
1752783769909 0.4638971847680481 420
1752783770102 0.5268673739235473 421
1752783770282 0.4172939217204749 422
1752783770461 0.5429050489290359 423
1752783770647 0.6267415232794434 424
1752783770825 0.5673359408370182 425
1752783770998 0.6248489629849621 426
1752783771166 0.41344739819657694 427
1752783771347 0.5802821911483411 428
1752783771517 0.30418834839818026 429
1752783771696 0.38935165906764907 430
1752783771897 0.5652175243189388 431
1752783772068 0.5297193112085884 432
1752783772244 0.5685645602016184 433
1752783772424 0.5078877722819164 434
1752783772605 0.6199021472262592 435
1752783772784 0.6058610100276078 436
1752783772966 0.42867102681691305 437
1752783773146 0.6537489028881219 438
1752783773322 0.3860655681333471 439
1752783773494 0.42682304171335333 440
1752783773689 0.47999784106109294 441
1752783773873 0.5489121662641679 442
1752783774050 0.4409284261375658 443
1752783774217 0.36309389023365385 444
1752783774395 0.32330085111246926 445
1752783774578 0.5149995992977222 446
1752783774761 0.530009453555004 447
1752783774944 0.5517876303763594 448
1752783775119 0.3742568637686695 449
1752783775302 0.3097974627543839 450
1752783775474 0.5100601574198877 451
1752783775647 0.4478924530208716 452
1752783775829 0.32233198076124664 453
1752783776012 0.5376636600823438 454
1752783776186 0.40619427972784583 455
1752783776368 0.36074346186794576 456
1752783776548 0.33811394252174637 457
1752783776726 0.5632764411821994 458
1752783776901 0.48549790846630997 459
1752783777080 0.5480033273012096 460
1752783777280 0.5475536780744977 461
1752783777454 0.49302048765970335 462
1752783777629 0.3958855071133974 463
1752783777805 0.38273719945895907 464
1752783777972 0.45212685854280743 465
1752783778146 0.46241055626676275 466
1752783778326 0.4060803958910115 467
1752783778495 0.45415916381938565 468
1752783778677 0.4444768629050395 469
1752783778854 0.5766986721223556 470
1752783779031 0.4671926914173321 471
1752783779198 0.4330618128884004 472
1752783779379 0.6575902702146866 473
1752783779557 0.5069856620327168 474
1752783779740 0.41686209717690537 475
1752783779916 0.48988553471880386 476
1752783780083 0.6743121881064575 477
1752783780257 0.7040461477374302 478
1752783780434 0.5035166443241578 479
1752783780614 0.5045142694505179 480
1752783780802 0.4481015996969912 481
1752783780981 0.5581569237311745 482
1752783781161 0.4957278145985452 483
1752783781335 0.49332392057969443 484
1752783781516 0.4887141730972122 485
1752783781688 0.5559243244271328 486
1752783781869 0.527884908996639 487
1752783782047 0.4023343197981411 488
1752783782224 0.5901801088473304 489
1752783782406 0.4699455354480277 490
1752783782601 0.4857868150137585 491
1752783782782 0.5509599966908537 492
1752783782964 0.38541467032914145 493
1752783783159 0.514861196208771 494
1752783783334 0.4754521718551066 495
1752783783514 0.5385040066938328 496
1752783783692 0.45496121008990514 497
1752783783870 0.38572800526729967 498
1752783784039 0.43857407540076826 499
1752783784209 0.4239754583376038 500
1752783784390 0.5993514992731365 501
1752783784564 0.4069702895598786 502
1752783784730 0.35685310679676885 503
1752783784917 0.6626667503259147 504
1752783785101 0.3420832882784436 505
1752783785282 0.4495029763358718 506
1752783785443 0.34077177945416554 507
1752783785623 0.4601344590878574 508
1752783785794 0.4586836753675457 509
1752783785964 0.4987732145316069 510
1752783786153 0.5454581166503846 511
1752783786329 0.47571087583088156 512
1752783786511 0.4623512631915148 513
1752783786691 0.5277066145957395 514
1752783786859 0.5852388963425572 515
1752783787043 0.38180829454367327 516
1752783787224 0.6035724221241434 517
1752783787408 0.4841155255667503 518
1752783787568 0.5397489795830603 519
1752783787742 0.3863454085721211 520
1752783787922 0.3757315693815087 521
1752783788099 0.4711604247497885 522
1752783788263 0.6389152486226828 523
1752783788429 0.460533218674793 524
1752783788612 0.3746544100852154 525
1752783788794 0.587785318006696 526
1752783788982 0.5937733235085557 527
1752783789170 0.4973635561372035 528
1752783789348 0.4456517442306299 529
1752783789528 0.5752670045589219 530
1752783789717 0.6902949639595654 531
1752783789895 0.6489911047241487 532
1752783790077 0.39649586074748594 533
1752783790259 0.4693131861583591 534
1752783790440 0.2994888514125153 535
1752783790622 0.5695963562301698 536
1752783790805 0.48745578207460843 537
1752783790993 0.36933654554180945 538
1752783791180 0.4764231592674698 539
1752783791368 0.37122616062542574 540
1752783791564 0.6348980262631442 541
1752783791742 0.4351765849963294 542
1752783791923 0.5001936179190056 543
1752783792098 0.4189536435747255 544
1752783792279 0.464843531009632 545
1752783792463 0.5634691036924798 546
1752783792656 0.4816649956510426 547
1752783792830 0.479455311568963 548
1752783793016 0.38811683638222816 549
1752783793181 0.3239286950027637 550
1752783793363 0.7614039477951189 551
1752783793529 0.5319392979913801 552
1752783793697 0.5133503090825424 553
1752783793865 0.5090958248925126 554
1752783794044 0.5450088327609623 555
1752783794215 0.45683318845468984 556
1752783794379 0.4059296248360351 557
1752783794553 0.5077836544340805 558
1752783794719 0.5259161485370236 559
1752783794891 0.6151366178095707 560
1752783795075 0.5268542826203193 561
1752783795246 0.453837976182682 562
1752783795545 0.34259083584031214 563
1752783795718 0.45492971541461713 564
1752783795882 0.4836893085836493 565
1752783796061 0.5027343280233572 566
1752783796265 0.3268578778273055 567
1752783796434 0.5385789406384031 568
1752783796600 0.5062989324827641 569
1752783796783 0.44135573697063896 570
1752783796974 0.45972667683736385 571
1752783797148 0.6295365093825779 572
1752783797326 0.4851842972749888 573
1752783797511 0.4853609211687425 574
1752783797691 0.47830643678336904 575
1752783797871 0.5914700469531715 576
1752783798045 0.37278312937256564 577
1752783798213 0.6246706934260456 578
1752783798392 0.4734846350432446 579
1752783798573 0.28857410762746816 580
1752783798764 0.37084747246456323 581
1752783798940 0.5288901140367848 582
1752783799123 0.6163268670970208 583
1752783799304 0.4538267597243163 584
1752783799483 0.44465034189950153 585
1752783799661 0.39587028444279687 586
1752783799844 0.6013341787625892 587
1752783800028 0.5322490979616485 588
1752783800211 0.5532588798503147 589
1752783800391 0.6133347466167838 590
1752783800584 0.5014893006715263 591
1752783800767 0.4515539087219159 592
1752783800948 0.3810895840676309 593
1752783801130 0.4434251516109098 594
1752783801312 0.4907185463693981 595
1752783801483 0.450279990044227 596
1752783801662 0.540740425909262 597
1752783801842 0.4443357382975625 598
1752783802023 0.5713024992960157 599
1752783802198 0.5896404549130173 600
1752783802386 0.41172699495081044 601
1752783802564 0.4652819331930964 602
1752783802751 0.6976259951680309 603
1752783802931 0.3089750754389334 604
1752783803114 0.4418653276159192 605
1752783803299 0.468162527370269 606
1752783803463 0.5376190849707164 607
1752783803635 0.533583783687782 608
1752783803812 0.3968174958958123 609
1752783803977 0.3547644119763718 610
1752783804167 0.4093384167269399 611
1752783804343 0.5241288492525604 612
1752783804523 0.524345943502126 613
1752783804693 0.5826456065529674 614
1752783804867 0.6461626284661898 615
1752783805052 0.40172162798374705 616
1752783805234 0.485772843730699 617
1752783805408 0.3295321399342116 618
1752783805579 0.6068423384057632 619
1752783805764 0.5154918025442569 620
1752783805954 0.5291455253102001 621
1752783806131 0.542265296500857 622
1752783806303 0.536250970922268 623
1752783806482 0.4790809468323724 624
1752783806666 0.41494646822153813 625
1752783806850 0.5142760443615446 626
1752783807034 0.4086887762251204 627
1752783807214 0.42172060454400234 628
1752783807388 0.6344148423739298 629
1752783807560 0.42694519154474575 630
1752783807744 0.5057973486289439 631
1752783807923 0.5082582808725045 632
1752783808098 0.5903976745484982 633
1752783808280 0.48045318289785116 634
1752783808453 0.536748173673069 635
1752783808642 0.39789749084712256 636
1752783808840 0.4112200241498242 637
1752783809023 0.42194103531720245 638
1752783809195 0.7057686183119568 639
1752783809375 0.45127759592196537 640
1752783809563 0.5449866685443135 641
1752783809735 0.47024288378375456 642
1752783809913 0.587772126872949 643
1752783810090 0.5357339622275917 644
1752783810266 0.5826107446608856 645
1752783810436 0.5193608810870595 646
1752783810624 0.48122132310443033 647
1752783810807 0.5253729382925337 648
1752783810995 0.4726388151042264 649
1752783811183 0.44393832786606974 650
1752783811384 0.4558874771828419 651
1752783811556 0.4867675245994502 652
1752783811735 0.6754511186767468 653
1752783811914 0.4683989409748611 654
1752783812102 0.5705147158618047 655
1752783812282 0.5416124885005745 656
1752783812473 0.4245750854695999 657
1752783812665 0.5903825066793686 658
1752783812855 0.5880712677149913 659
1752783813060 0.5436869862496839 660
1752783813244 0.46250987578015845 661
1752783813421 0.40675215835801615 662
1752783813595 0.5813863215786357 663
1752783813766 0.46430408196950834 664
1752783813943 0.4209199167572914 665
1752783814113 0.27878451416668876 666
1752783814275 0.5686540123783258 667
1752783814448 0.6242809919653282 668
1752783814618 0.6293128100827025 669
1752783814791 0.6396899538394881 670
1752783815045 0.4622238679489017 671
1752783815227 0.42240534618791886 672
1752783815403 0.5065327017619561 673
1752783815573 0.5490157418963022 674
1752783815756 0.2871817516267214 675
1752783815929 0.3997413559569593 676
1752783816099 0.5955603542641562 677
1752783816271 0.7175935860576833 678
1752783816443 0.40918738187021686 679
1752783816625 0.5660318562705322 680
1752783816821 0.5525652728599167 681
1752783816995 0.42456887866608006 682
1752783817174 0.6101486152436478 683
1752783817359 0.7110245893017967 684
1752783817535 0.45102966224016133 685
1752783817714 0.6392135859554497 686
1752783817885 0.723329539910062 687
1752783818060 0.599904651411941 688
1752783818240 0.5917097828074113 689
1752783818420 0.41062515920288345 690
1752783818619 0.45584938661934493 691
1752783818803 0.514548619396864 692
1752783818981 0.40632413129444483 693
1752783819157 0.33099174898698247 694
1752783819331 0.6294756495731133 695
1752783819505 0.5557435081627395 696
1752783819684 0.6743589645520298 697
1752783819865 0.5375712435646341 698
1752783820044 0.59703795909335 699
1752783820214 0.5344769678983965 700
1752783820404 0.47340718440925034 701
1752783820574 0.5386291488948493 702
1752783820758 0.4347194118758335 703
1752783820924 0.7807197143057499 704
1752783821103 0.47274736058649774 705
1752783821274 0.6356600231400982 706
1752783821449 0.5885243009787032 707
1752783821633 0.4372865970256427 708
1752783821808 0.5020054805532094 709
1752783821975 0.5136412441912207 710
1752783822161 0.581113899657126 711
1752783822330 0.381497676238397 712
1752783822509 0.4217307724807377 713
1752783822693 0.4420018759238116 714
1752783822868 0.5451563458162357 715
1752783823053 0.3904880865736305 716
1752783823222 0.5572621352761034 717
1752783823394 0.47146101671066853 718
1752783823572 0.4314737306958891 719
1752783823811 0.4049063671049321 720
1752783824007 0.4429550672824413 721
1752783824193 0.4883636401337387 722
1752783824381 0.6437241284236104 723
1752783824568 0.3941815610324399 724
1752783824751 0.28204070490302025 725
1752783824938 0.627870407836843 726
1752783825132 0.35872370277858306 727
1752783825302 0.43724801849553574 728
1752783825484 0.4508167626059311 729
1752783825658 0.5920038853802256 730
1752783825859 0.4079890803153077 731
1752783826113 0.5065194963794896 732
1752783826289 0.2698487882654749 733
1752783826458 0.45571145813977115 734
1752783826626 0.5232025702538895 735
1752783826788 0.5314993334494945 736
1752783826953 0.5120814650741362 737
1752783827121 0.3828515296962905 738
1752783827292 0.4999963574104804 739
1752783827458 0.58486479113991 740
1752783827644 0.47455187696592666 741
1752783827815 0.498260508735165 742
1752783827997 0.5726557223654867 743
1752783828178 0.37382709153823285 744
1752783828361 0.44255284042518755 745
1752783828549 0.5434660666839108 746
1752783828739 0.45963674156612927 747
1752783828923 0.2922573111887939 748
1752783829112 0.5242140127292538 749
1752783829288 0.4765636712344884 750
1752783829479 0.3523649459708742 751
1752783829665 0.45230847669553176 752
1752783829845 0.48205511173582627 753
1752783830029 0.611946619520664 754
1752783830204 0.5331289256821656 755
1752783830383 0.6023730815153739 756
1752783830562 0.47333204947257485 757
1752783830751 0.4863616493618795 758
1752783830942 0.5676041236634676 759
1752783831133 0.2527312221791996 760
1752783831331 0.654069658572959 761
1752783831505 0.30268583782853625 762
1752783831696 0.5198119731547911 763
1752783831883 0.4283207165916978 764
1752783832074 0.6461680462223843 765
1752783832253 0.42098754723061904 766
1752783832442 0.6642314972065935 767
1752783832633 0.5881976409706259 768
1752783832817 0.42490643014532853 769
1752783833005 0.6396126876840711 770
1752783833205 0.5974163522652565 771
1752783833392 0.5935684995476734 772
1752783833571 0.365093419774975 773
1752783833755 0.4383811371812731 774
1752783833944 0.5935761033135541 775
1752783834113 0.37595081902326827 776
1752783834300 0.3820353959076748 777
1752783834470 0.5189954115762276 778
1752783834652 0.4762384523921607 779
1752783834818 0.5872035705364451 780
1752783835038 0.5512074510426996 781
1752783835230 0.46047677699728023 782
1752783835448 0.37351498037973613 783
1752783835634 0.4854225214855647 784
1752783835819 0.31929081566784656 785
1752783835992 0.6179744120668483 786
1752783836168 0.5003156362479734 787
1752783836344 0.42444421954095507 788
1752783836523 0.5637066136513169 789
1752783836695 0.3325843965310666 790
1752783836894 0.5068566158410419 791
1752783837073 0.5415694567432998 792
1752783837252 0.5061826190061234 793
1752783837435 0.5485969342966925 794
1752783837613 0.6498613017712226 795
1752783837794 0.5135559253813269 796
1752783837973 0.5828308047536386 797
1752783838140 0.55181004792711 798
1752783838311 0.3822233168211446 799
1752783838494 0.473989494780956 800
1752783838686 0.41624210626249736 801
1752783838867 0.3445097105857759 802
1752783839052 0.31510041068150246 803
1752783839231 0.37876907399421095 804
1752783839401 0.394588033582014 805
1752783839591 0.36190137746267603 806
1752783839763 0.39456130172056003 807
1752783839948 0.6136103188218495 808
1752783840116 0.5648464640430109 809
1752783840297 0.458954095114385 810
1752783840493 0.587560293690562 811
1752783840678 0.49477773247125356 812
1752783840858 0.4155608272316093 813
1752783841042 0.5533525972567541 814
1752783841221 0.5392665567438326 815
1752783841394 0.6342216557916378 816
1752783841574 0.5028504133994179 817
1752783841754 0.5996130640560832 818
1752783841929 0.6792415188784512 819
1752783842105 0.5887083562270974 820
1752783842301 0.5352541016547477 821
1752783842472 0.41942055360640285 822
1752783842645 0.5514734057590361 823
1752783842824 0.7618289958264843 824
1752783842995 0.6592904085305695 825
1752783843168 0.4700657668824539 826
1752783843339 0.5383878365711873 827
1752783843505 0.4946636715239711 828
1752783843678 0.5579286255497775 829
1752783843855 0.5327793392488389 830
1752783844045 0.5451621911798453 831
1752783844229 0.4790477594425443 832
1752783844404 0.42500694440265663 833
1752783844584 0.5423365405343539 834
1752783844768 0.42352892724145197 835
1752783844946 0.30741181362553743 836
1752783845118 0.43870033368020145 837
1752783845290 0.49260737399503957 838
1752783845475 0.44480467060187834 839
1752783845649 0.3451901836196399 840
1752783845843 0.4540198067115341 841
1752783846019 0.4689267964366595 842
1752783846192 0.43826164270115575 843
1752783846374 0.37260156992636606 844
1752783846584 0.09462143817881292 845
1752783846754 0.6490588480164945 846
1752783846923 0.5948672121444883 847
1752783847097 0.6569825369748278 848
1752783847266 0.404091410560854 849
1752783847451 0.5095292979617709 850
1752783847638 0.42442495528826174 851
1752783847814 0.4682767653696127 852
1752783847982 0.5806582097460673 853
1752783848162 0.3147135037106605 854
1752783848337 0.725632580250637 855
1752783848515 0.5832803656491902 856
1752783848694 0.5509209786718798 857
1752783848873 0.49093739420759097 858
1752783849049 0.6043228646955014 859
1752783849220 0.41893561629884846 860
1752783849410 0.19024745956849667 861
1752783849592 0.2676128233254378 862
1752783849767 0.6012734058982392 863
1752783849948 0.560128091219037 864
1752783850119 0.48557463644231397 865
1752783850298 0.5103194049836711 866
1752783850467 0.44090861867901326 867
1752783850648 0.54154751839477 868
1752783850826 0.3845482033917789 869
1752783851011 0.5280196288810843 870
1752783851213 0.37154215673829244 871
1752783851394 0.4929917512830903 872
1752783851578 0.46842259298284866 873
1752783851782 0.5814107053352532 874
1752783851982 0.5940042114180412 875
1752783852175 0.5957638543827853 876
1752783852343 0.4103177488226517 877
1752783852520 0.518537773606347 878
1752783852692 0.55798340403641 879
1752783852861 0.37990788874089737 880
1752783853045 0.44112281587817365 881
1752783853217 0.5810444491376815 882
1752783853389 0.5409038866524489 883
1752783853558 0.4544666469042486 884
1752783853734 0.6085851761871065 885
1752783853923 0.4838819140622339 886
1752783854110 0.4667298579965672 887
1752783854288 0.4874847214252808 888
1752783854466 0.5337290242163929 889
1752783854650 0.5894355981300761 890
1752783854851 0.4032283720304095 891
1752783855041 0.3444426708780528 892
1752783855218 0.4849217360891796 893
1752783855403 0.5692656437318192 894
1752783855627 0.5295220480324219 895
1752783855806 0.3994608313057221 896
1752783855977 0.5480967728163616 897
1752783856148 0.5504172220559415 898
1752783856319 0.563785845801359 899
1752783856492 0.6148627099611796 900
1752783856719 0.5550175402847931 901
1752783856888 0.6229176627324308 902
1752783857065 0.642451825509493 903
1752783857240 0.484818229720632 904
1752783857414 0.4511430581314065 905
1752783857598 0.4410318993328356 906
1752783857774 0.3775919387956014 907
1752783857958 0.4727349884381519 908
1752783858139 0.5177512800407582 909
1752783858330 0.6993120296857978 910
1752783858521 0.500455123636056 911
1752783858691 0.3918273563427359 912
1752783858866 0.5888638553343946 913
1752783859051 0.5707529921227026 914
1752783859246 0.5382620031202341 915
1752783859438 0.5242644068171153 916
1752783859637 0.5554984714764197 917
1752783859816 0.39581375632633414 918
1752783859997 0.615709419569695 919
1752783860177 0.4232039067075612 920
1752783860377 0.5541300117326029 921
1752783860563 0.5601896546997505 922
1752783860751 0.3783417867885818 923
1752783860932 0.6626556274181983 924
1752783861114 0.44081151222255344 925
1752783861298 0.41787819749689514 926
1752783861483 0.41335626648824747 927
1752783861668 0.4959378420499932 928
1752783861849 0.5331494785912662 929
1752783862035 0.707332759330426 930
1752783862233 0.7226520287081994 931
1752783862418 0.5936404437121541 932
1752783862603 0.5766583150386949 933
1752783862792 0.48513855393085864 934
1752783862976 0.31272418716456724 935
1752783863167 0.4331235648223292 936
1752783863352 0.6274915422450896 937
1752783863534 0.45815273007827134 938
1752783863705 0.35185502093443694 939
1752783863883 0.5061131424572224 940
1752783864087 0.5879625925809223 941
1752783864260 0.5373682528302499 942
1752783864450 0.5254733635695227 943
1752783864626 0.5143935663324745 944
1752783864809 0.31388068351169734 945
1752783864992 0.38460923443622846 946
1752783865183 0.5979843245168287 947
1752783865362 0.5050126496727138 948
1752783865545 0.45272557487012305 949
1752783865723 0.39386746287589186 950
1752783865920 0.6376618870033262 951
1752783866095 0.42821968861346765 952
1752783866267 0.46365535208121283 953
1752783866443 0.5779794593646326 954
1752783866644 0.39145681946561744 955
1752783866844 0.5633518418621848 956
1752783867024 0.5251615243734085 957
1752783867203 0.5083618426706561 958
1752783867382 0.5237682008888388 959
1752783867630 0.5226647362025947 960
1752783867846 0.4910534091620031 961
1752783868029 0.5896622183230504 962
1752783868209 0.5531975275631303 963
1752783868392 0.6050901967755553 964
1752783868568 0.6027452455931459 965
1752783868750 0.6387027629181623 966
1752783868925 0.4615836847469762 967
1752783869107 0.49861119229233597 968
1752783869293 0.34701346578846326 969
1752783869524 0.5714468677414585 970
1752783869732 0.49402253935167245 971
1752783869913 0.361068726082017 972
1752783870097 0.6416067602729867 973
1752783870279 0.682446873564407 974
1752783870461 0.3510492236503377 975
1752783870658 0.6125489143668765 976
1752783870845 0.5172393954623354 977
1752783871037 0.47594719059705254 978
1752783871230 0.4371511824964321 979
1752783871423 0.6264979038761599 980
1752783871624 0.5453485037343571 981
1752783871807 0.46543783012691603 982
1752783872000 0.494613197334724 983
1752783872185 0.5284267540465734 984
1752783872374 0.6085012183695061 985
1752783872561 0.5298577200226283 986
1752783872755 0.6064627748189648 987
1752783872948 0.47976261913203877 988
1752783873138 0.5409085727820145 989
1752783873328 0.6838430208548193 990
1752783873527 0.6213223714993401 991
1752783873719 0.4641277189233546 992
1752783873909 0.42478467317629576 993
1752783874096 0.6369938208638186 994
1752783874281 0.39596795075733354 995
1752783874464 0.5146348181671737 996
1752783874657 0.6804021995063957 997
1752783874851 0.4749114943591826 998
1752783875045 0.7092539903493452 999
